-3.6608864556200197e-06
-4.655342342333895e-06
-1.1747467388626792e-06
-7.638710002443264e-06
7.77535624161614e-06
1.7719915108779377e-05
-4.158114398884443e-06
-1.4102673266096045e-05
8.141650346260367e-07
2.1200510712332942e-05
-1.0622077662607664e-05
3.797532694785187e-06
3.3003047514096717e-06
8.272584185026328e-06
-3.163658512215418e-06
-5.649798229067737e-06
3.169370912091858e-07
-1.3108217379291758e-05
-1.0124849719227943e-05
-3.163658512290777e-06
-7.14148205904953e-06
-1.161653354930576e-05
-4.1581143989709945e-06
-1.8029085210430907e-07
-1.1616533549330643e-05
-8.13593794581247e-06
-1.3108217379367804e-05
3.3003047513465847e-06
4.7919885814646975e-06
1.8086209213546342e-06
5.289216524860544e-06
-4.655342342354919e-06
-1.8577724756251695e-05
2.80307680801558e-06
-5.649798229019016e-06
-1.1119305605957578e-05
1.1255951845083844e-05
-9.627621775878012e-06
-1.1119305605951273e-05
-1.0622077662619575e-05
-9.130393832486394e-06
1.3113929779707136e-06
-1.6719746822024344e-06
1.2250407731863942e-05
4.791988581477312e-06
-1.2113761492584202e-05
3.3003047514215843e-06
-1.6091585039447743e-05
2.1697738655722463e-05
-3.660886455612654e-06
-5.649798229063888e-06
6.283672411581769e-06
-1.802908520773079e-07
4.294760638100058e-06
-7.638710002487774e-06
9.764268015022493e-06
-1.6719746821786112e-06
-1.0622077662622026e-05
1.0758723901731811e-05
2.3058488647157774e-06
7.775356241612623e-06
8.769812128311434e-06
8.27258418493032e-06
1.8086209212915586e-06
-7.638710002493026e-06
-8.135937945767267e-06
-7.638710002461485e-06
-1.1747467388402475e-06
-1.6719746821614425e-06
-2.666430568931032e-06
-2.169202625496653e-06
-4.158114398983616e-06
4.7919885814468285e-06
-3.1636585122879672e-06
2.56755622026151e-05
8.141650346270893e-07
-1.5594357096150027e-05
-9.627621775906398e-06
1.8086209213914272e-06
-2.666430568904044e-06
-6.644254115739554e-06
5.786444468141782e-06
-1.802908519756888e-07
-7.141482059128388e-06
6.283672411548832e-06
8.27258418505577e-06
6.283672411513781e-06
1.4239319505312368e-05
7.278128298225205e-06
3.79753269472421e-06
-1.658881298283131e-05
-7.141482059125935e-06
2.4183878372481218e-05
-1.111930560572629e-05
4.79198858143246e-06
1.3244863618541374e-05
-9.627621775864707e-06
2.8030768080828636e-06
-2.1692026255033028e-06
8.769812128321236e-06
1.1255951845093299e-05
-3.660886455567452e-06
3.7975326948959206e-06
-1.310821737930682e-05
1.125595184509751e-05
-5.152570285649126e-06
-2.1692026255439625e-06
-7.141482059101398e-06
-5.6497982290575795e-06
-1.6091585039465605e-05
-9.62762177585208e-06
-2.666430568922268e-06
-2.1692026255029525e-06
-3.163658512049682e-06
-1.3605445322700559e-05
-1.1747467388651346e-06
-1.3108217379360793e-05
-3.1636585121821376e-06
2.803076808061837e-06
2.8030768080310027e-06
6.283672411557232e-06
-9.6276217757098e-06
3.7975326947284067e-06
1.4239319505259085e-05
1.3742091561910584e-05
6.780900354934153e-06
-2.6664305688497256e-06
-1.174746738822024e-06
-1.6719746822091023e-06
1.4736547448647569e-05
1.523377539202202e-05
-1.6588812982837617e-05
-1.6719746821859749e-06
-3.6608864555846137e-06
1.5731003335425576e-05
1.573100333539192e-05
-1.4102673266062403e-05
4.29476063816419e-06
4.791988581633257e-06
-7.1414820591396e-06
-1.1119305605916229e-05
7.775356241579678e-06
-1.6719746821838742e-06
1.2747635675191088e-05
-6.147026172240693e-06
1.8714370995490087e-05
-1.4599901209451925e-05
-3.1636585122185804e-06
-2.666430568884077e-06
1.8714370995502013e-05
3.797532694772563e-06
6.283672411508177e-06
-2.169202625548155e-06
-1.8080496812772087e-05
3.7975326947802743e-06
-9.130393832537207e-06
3.1693709147867104e-07
-3.1636585122785008e-06
5.786444468157198e-06
3.1693709122705254e-07
-1.671974682216109e-06
7.2781282982788235e-06
1.871437099549851e-05
1.225040773184608e-05
-1.6719746821439258e-06
-1.9572180642931225e-05
-1.609158503951187e-05
8.769812128310733e-06
5.786444468173676e-06
-3.1636585122781526e-06
-2.5041688019645132e-05
7.77535624158739e-06
1.3113929779426802e-06
5.2892165247932535e-06
-4.655342342316026e-06
1.3742091561913365e-05
-2.305277624644484e-05
-9.13039383253615e-06
-7.638710002475509e-06
-8.135937945813517e-06
1.5233775391985604e-05
5.786444468170174e-06
-1.3108217379394442e-05
-6.147026172379477e-06
-5.152570285710804e-06
2.803076808011376e-06
-7.638710002467798e-06
-1.9572180642979936e-05
-1.4102673265952009e-05
-1.3605445322670416e-05
1.3244863618621961e-05
1.8714370995558758e-05
-2.1692026255565756e-06
2.305848864639032e-06
-1.2610989436002806e-05
1.311392978089863e-06
1.8086209212919019e-06
3.169370912326565e-07
9.764268015026347e-06
-1.012484971924477e-05
-7.638710002457282e-06
1.2747635675218786e-05
2.8030768080345035e-06
-7.141482059139245e-06
-6.147026172426427e-06
-9.130393832552617e-06
-4.158114398926149e-06
4.791988581540743e-06
-9.627621775908856e-06
-1.0622077662617813e-05
2.3058488646586446e-06
2.3058488646358717e-06
8.272584185005307e-06
8.769812128329652e-06
1.8086209214282244e-06
-4.15811439896785e-06
-3.163658512282711e-06
-9.627621775852782e-06
-1.6588812982785748e-05
8.141650346565299e-07
-7.63871000245869e-06
-8.633165889170092e-06
-7.141482059118576e-06
3.797532694720352e-06
3.7975326947094785e-06
-1.1119305605950229e-05
9.764268015017226e-06
1.523377539201257e-05
-4.6553423423426475e-06
-8.633165889205149e-06
-1.8080496812835872e-05
1.4239319505275917e-05
-6.644254115734648e-06
-4.65534234235948e-06
2.169773865566568e-05
-4.655342342279228e-06
1.3742091561928083e-05
2.305848864797766e-06
3.1693709123895844e-07
1.3113929779447809e-06
8.141650345710248e-07
-8.135937945836644e-06
-1.4102673266071517e-05
6.283672411515185e-06
1.2250407731872706e-05
-5.649798229055476e-06
-2.4047232133150652e-05
-2.1063864472935088e-05
-9.627621775899393e-06
-7.638710002358466e-06
4.294760638065026e-06
-1.3108217379370606e-05
2.3058488646670654e-06
4.294760638086038e-06
-1.1747467388525148e-06
-6.6442541157577774e-06
5.289216524940432e-06
2.8030768080558784e-06
-2.056663652968259e-05
-6.644254115750071e-06
2.2194966599046458e-05
-7.141482059102794e-06
-8.633165889156082e-06
-1.5594357096049105e-05
8.272584185136371e-06
-8.135937945849265e-06
2.3058488646558528e-06
-2.2555548303059165e-05
-3.1636585122760478e-06
-2.169202625583195e-06
-1.0622077662570501e-05
8.272584185047365e-06
1.4736547448625145e-05
1.2747635675278349e-05
1.8217143052240743e-05
4.294760638124947e-06
1.8086209213406187e-06
8.141650346670489e-07
-1.211376149263571e-05
3.797532694746635e-06
-6.147026172380862e-06
8.141650346354986e-07
9.764268015014087e-06
1.1255951845089084e-05
3.300304751385137e-06
-1.1747467388616266e-06
-4.655342342321634e-06
-4.158114398972399e-06
-6.1470261723658024e-06
-9.130393832529845e-06
-2.8025055679934296e-05
4.791988581542161e-06
-7.141482059116118e-06
-1.8080496812924194e-05
-1.5097129152794843e-05
-9.130393832496899e-06
-1.907495269958444e-05
1.3244863618544527e-05
9.764268015045275e-06
-6.775187954177745e-07
1.4239319505269615e-05
-5.649798229028134e-06
1.1255951845099614e-05
-9.627621775901148e-06
-1.2113761492649383e-05
5.786444468136523e-06
3.300304751419486e-06
1.970882688226178e-05
-1.174746738833591e-06
-2.169202625465103e-06
8.2725841849566e-06
-1.8029085213934912e-07
6.780900354878782e-06
8.141650345755739e-07
-1.1119305605862957e-05
4.294760638060459e-06
-3.1636585122255824e-06
-1.1119305605958286e-05
-1.062207766254633e-05
3.169370912922357e-07
-7.141482059123131e-06
-1.3605445322729993e-05
-8.135937945803004e-06
-1.708604092621032e-05
-9.627621775908856e-06
-8.633165889196042e-06
-3.6608864556137203e-06
-1.1119305605975105e-05
-8.63316588915679e-06
2.305848864655846e-06
1.5731003335332013e-05
-5.152570285628803e-06
-3.163658512239605e-06
-6.775187954346067e-07
2.3058488646428783e-06
1.6228231278872214e-05
3.797532694738214e-06
-1.0124849719155405e-05
3.3003047513644693e-06
-1.0124849719208666e-05
-6.147026172410657e-06
-1.7086040926155303e-05
-8.135937945828235e-06
-1.0622077662563154e-05
1.8086209213469183e-06
-1.2610989436002806e-05
4.294760638188375e-06
2.803076808040819e-06
-5.152570285698185e-06
6.2836724115207945e-06
-6.775187955039867e-07
5.289216524791144e-06
6.283672411546722e-06
-4.158114398911075e-06
1.6725459222116314e-05
2.3058488647620254e-06
-3.1636585122283903e-06
1.5233775392024476e-05
2.8030768080127746e-06
1.62282312787012e-05
5.289216524824786e-06
3.797532694768348e-06
5.2892165247981595e-06
3.797532694728759e-06
-1.1119305605967044e-05
-6.6442541157595325e-06
-1.0124849719247921e-05
-7.638710002450274e-06
8.76981212834087e-06
-1.459990120943861e-05
2.8030768079956056e-06
9.764268015055789e-06
-2.7527827736561584e-05
3.169370912256476e-07
8.272584185036835e-06
1.3113929779374106e-06
8.272584185012664e-06
-1.0622077662612216e-05
-9.130393832423305e-06
-4.655342342363329e-06
1.4239319505308162e-05
-8.135937945757789e-06
7.278128298213288e-06
1.0261495958421488e-05
-9.627621775899396e-06
4.294760638100058e-06
2.3189422485745967e-05
6.283672411501175e-06
-3.6608864556074137e-06
-1.2610989435990541e-05
1.2250407731922821e-05
3.7975326947171966e-06
1.125595184511643e-05
-6.147026172295363e-06
1.6725459222123673e-05
-5.649798229012023e-06
9.764268015074718e-06
9.26704007166241e-06
-4.158114398949626e-06
-9.130393832559632e-06
-2.16920262555061e-06
2.8030768080348538e-06
9.764268015064194e-06
6.780900354882992e-06
-7.14148205912418e-06
4.791988581517623e-06
-3.660886455538018e-06
-2.255554830306267e-05
7.775356241659934e-06
1.1753179788481417e-05
8.141650346235927e-07
4.7919885814496364e-06
-6.147026172401886e-06
-1.5594357096150728e-05
-1.3605445322718084e-05
1.3742091561892359e-05
1.8086209213118806e-06
-2.6664305689135084e-06
1.2747635675167273e-05
-1.8029085211656958e-07
1.2747635675200903e-05
-2.1063864472943853e-05
-9.627621775854883e-06
8.769812128314932e-06
3.169370912011243e-07
5.289216524875258e-06
2.8030768079956056e-06
5.2892165250539685e-06
1.0758723901788225e-05
-1.7583268869566904e-05
-1.6588812982649077e-05
3.300304751373231e-06
9.764268015082416e-06
8.769812128294602e-06
-9.627621775855937e-06
1.2747635675311292e-05
6.780900354860915e-06
2.368665042922345e-05
-4.655342342228755e-06
8.27258418497902e-06
-1.1747467388640842e-06
7.77535624159722e-06
-1.9074952699464583e-05
-9.130393832548419e-06
-2.1692026255316817e-06
-4.15811439896575e-06
-6.147026172418016e-06
3.169370912053301e-07
-1.6719746820633154e-06
1.3244863618533666e-05
-1.410267326597479e-05
-6.775187953904391e-07
5.289216524777135e-06
5.786444468135832e-06
-3.1636585122760478e-06
-5.152570285633001e-06
-1.802908520878337e-07
-1.5594357096023524e-05
-1.808049681287022e-05
7.278128298211888e-06
-3.1636585122487144e-06
3.7975326947094785e-06
-1.671974682215413e-06
-6.1470261723661506e-06
1.1255951845123433e-05
1.1255951845123453e-05
8.272584184966057e-06
-6.6442541157689905e-06
-2.169202625580044e-06
-7.141482059116111e-06
-1.5594357096137067e-05
-1.671974682141814e-06
-1.808049681292139e-05
4.791988581504314e-06
-3.660886455635086e-06
-1.0124849719211116e-05
-2.169202625351562e-06
-8.135937945840857e-06
-1.802908521004466e-07
1.2747635675176732e-05
-1.3605445322748223e-05
-1.1747467387883798e-06
1.0261495958389599e-05
-9.627621775820551e-06
8.769812128311429e-06
-5.15257028567295e-06
-5.1525702857122e-06
8.141650346092203e-07
2.3058488646460454e-06
-1.2610989436022088e-05
-9.130393832536855e-06
-4.158114398897063e-06
3.7975326947066867e-06
-1.0124849719232847e-05
2.3058488646758178e-06
-1.1119305605974058e-05
-3.1636585122809606e-06
2.169773865572527e-05
-8.135937945815616e-06
-2.752782773657034e-05
-1.4599901209442117e-05
-1.1119305605883983e-05
-1.2113761492555806e-05
8.272584184948523e-06
-1.4102673266001431e-05
-8.135937945809305e-06
4.294760638067818e-06
-1.1747467388511121e-06
-8.13593794582544e-06
6.780900354887189e-06
-3.1636585122616863e-06
-4.15811439899308e-06
-3.6608864556130063e-06
1.4239319505274516e-05
-7.638710002475509e-06
3.1693709133673314e-07
1.3113929779430214e-06
5.78644446832541e-06
-1.1616533549325034e-05
8.272584184934508e-06
1.5233775391968406e-05
-4.65534234235948e-06
6.283672411508184e-06
1.1255951845141668e-05
-7.141482059096133e-06
-3.6608864556242257e-06
-1.6719746821516304e-06
1.324486361855715e-05
-1.0622077662487099e-05
4.791988581665512e-06
1.175317978847196e-05
-6.147026172413112e-06
1.3742091561887453e-05
-8.633165889122445e-06
1.3113929779276098e-06
-1.758326886955289e-05
-1.8029085210254724e-07
1.026149595836927e-05
-3.1636585122445153e-06
-2.2058320359675946e-05
-1.6719746821376148e-06
-6.644254115786159e-06
7.278128298229402e-06
7.775356241580049e-06
-1.6719746820443937e-06
2.2692194542427573e-05
-3.1636585122949806e-06
-6.775187954784176e-07
1.0261495958448472e-05
-1.4102673266100248e-05
2.8161701919422207e-05
8.272584184984287e-06
3.169370912424708e-07
-1.6719746822020865e-06
-1.4599901209414083e-05
-1.0124849719231448e-05
-1.1747467387361596e-06
6.2836724115001175e-06
6.7809003548619636e-06
-1.8577724756124132e-05
-1.6719746822175093e-06
-1.6719746822062946e-06
1.7719915108789524e-05
-1.1119305605972306e-05
9.764268015184038e-06
3.797532694807601e-06
-8.63316588918833e-06
-7.141482059135747e-06
4.294760638142811e-06
2.4183878372485063e-05
-3.6608864556053084e-06
1.2747635675195641e-05
-5.649798229028839e-06
2.418387837250855e-05
-1.6719746821978829e-06
-2.40472321331121e-05
2.2194966599088515e-05
-9.627621775881172e-06
-1.2610989436022088e-05
2.617279014592928e-05
-3.660886455643154e-06
1.3742091561902862e-05
1.8086209212971602e-06
5.2892165249152084e-06
-2.6664305689149158e-06
-1.8029085210955614e-07
-1.2610989436005963e-05
4.294760638072727e-06
4.791988581419504e-06
-6.775187954374053e-07
7.2781282982693546e-06
9.26704007175913e-06
-2.6664305689324324e-06
-1.174746738832186e-06
1.3113929779328705e-06
-3.163658512170566e-06
1.3113929779195416e-06
-2.666430568915259e-06
-5.649798229050914e-06
1.1255951845129042e-05
1.0758723901826078e-05
-1.211376149263396e-05
5.786444468166669e-06
-1.0622077662529862e-05
9.267040071657856e-06
-9.130393832555422e-06
-2.666430568936638e-06
-1.8029085213688256e-07
-1.174746738810807e-06
-8.135937945838047e-06
9.267040071660648e-06
1.1753179788456903e-05
-6.147026172361951e-06
-8.135937945816671e-06
-4.655342342351068e-06
2.305848864759575e-06
1.3113929779917382e-06
-2.0069408586324602e-05
2.305848864652695e-06
-2.5538915963202186e-05
-8.633165889181322e-06
-4.15811439894402e-06
5.7864444682052074e-06
-6.644254115718534e-06
-1.3108217379375519e-05
-8.135937945720999e-06
-1.3605445322699161e-05
9.2670400716582e-06
-1.6588812982841476e-05
-2.2555548303050752e-05
2.305848864680735e-06
-4.65534234234756e-06
-1.1747467388223808e-06
3.169370912256476e-07
-8.633165889205845e-06
-1.3605445322720886e-05
-1.6719746821193866e-06
1.4239319505294843e-05
-1.261098943591344e-05
-4.1581143990018375e-06
1.8086209213917749e-06
-6.147026172423627e-06
-1.6719746821477656e-06
-2.1692026255821603e-06
3.114506957956906e-05
6.283672411501509e-06
-6.147026172430283e-06
-2.4544460076456764e-05
9.267040071657147e-06
-2.6664305689044033e-06
-7.141482059111212e-06
-1.3108217379360794e-05
-6.775187955109979e-07
8.272584184942228e-06
-5.152570285717108e-06
9.267040071651194e-06
8.14165034583649e-07
-4.655342342362274e-06
-2.1692026255537677e-06
-2.666430568877418e-06
7.775356241630498e-06
5.289216524873152e-06
-9.627621775873806e-06
8.272584185013718e-06
3.7975326947403215e-06
-1.261098943599054e-05
-1.2113761492676006e-05
-8.13593794576726e-06
-1.6091585039486642e-05
-3.1636585122690386e-06
3.169370912091858e-07
-1.758326886946492e-05
7.775356241596856e-06
-1.9074952699583046e-05
-5.6497982290330384e-06
2.3189422485804832e-05
3.797532694776062e-06
-1.5594357096087648e-05
-1.3108217379327148e-05
5.28921652478275e-06
-3.163658512264483e-06
-1.6091585039490837e-05
8.272584184945382e-06
-6.14702617235984e-06
-1.459990120933348e-05
-1.012484971925353e-05
-5.152570285579736e-06
-1.7583268869551136e-05
-1.6588812982653983e-05
-6.644254115621805e-06
-1.3605445322739111e-05
2.8030768080954878e-06
-1.1747467387950362e-06
-5.649798229013069e-06
-2.169202625492445e-06
-1.609158503946211e-05
2.1697738655685668e-05
-6.1470261722960705e-06
-8.633165889204795e-06
1.8086209213525314e-06
1.4736547448644416e-05
-8.633165889200592e-06
8.141650345583983e-07
5.289216524812186e-06
-5.152570285649126e-06
-5.649798229074398e-06
3.1693709122320135e-07
1.4736547448699433e-05
-1.1747467387967868e-06
-7.141482059104908e-06
-9.627621775864351e-06
-1.1747467388441031e-06
1.311392977950028e-06
-6.14702617235844e-06
1.8086209213637394e-06
-1.1119305605957239e-05
-1.5097129152706534e-05
-1.4102673266044168e-05
1.5233775391963503e-05
1.1753179788454802e-05
7.278128298218885e-06
1.8086209213076726e-06
-8.135937945831742e-06
-1.8029085212673172e-07
1.0261495958430937e-05
1.1255951845200184e-05
-6.775187954913715e-07
1.0261495958477199e-05
-4.655342342335645e-06
9.764268015072956e-06
-1.1747467388665305e-06
-1.0124849719240559e-05
5.289216524801665e-06
-8.135937945788292e-06
3.300304751394258e-06
-1.808049681291298e-05
-2.9516739509994233e-05
-1.8577724756229608e-05
-1.8029085213057836e-07
-9.13039383253895e-06
-6.775187954773627e-07
1.573100333533692e-05
-8.135937945781984e-06
-2.1692026255702433e-06
-1.8029085209835045e-07
3.7975326947298094e-06
-1.7583268869569716e-05
7.278128298274613e-06
1.3742091561967336e-05
2.3189422485797128e-05
1.274763567516482e-05
4.2947606381245965e-06
-1.0622077662588734e-05
1.2250407731803317e-05
-2.6664305689282286e-06
-6.147026172415211e-06
-4.6553423423412516e-06
2.803076808134736e-06
-5.1525702856803175e-06
1.1255951845099611e-05
1.0261495958428484e-05
3.169370913525083e-07
-1.8577724756202978e-05
3.7975326947655495e-06
-6.644254115742705e-06
5.7864444681680515e-06
-3.660886455420269e-06
8.769812128338412e-06
-2.6664305689317345e-06
1.8086209214212133e-06
-1.3108217379371308e-05
-5.649798229014128e-06
-1.8029085211585807e-07
6.283672411501509e-06
3.797532694782375e-06
-7.63871000247376e-06
8.141650346565299e-07
-6.147026172293963e-06
-1.6091585039395867e-05
1.175317978844814e-05
8.141650348738018e-07
-1.1119305605899412e-05
2.803076808134736e-06
-5.1525702855135045e-06
1.2250407731816295e-05
6.283672411495916e-06
-3.6608864556336942e-06
-4.655342342354919e-06
-3.6608864555159363e-06
2.3189422485822366e-05
3.169370912340615e-07
4.791988581425811e-06
1.1255951845116431e-05
-5.152570285636509e-06
-3.660886455641049e-06
-4.158114398979058e-06
-6.644254115759878e-06
-3.6608864555751634e-06
-1.0622077662610466e-05
-8.135937945817722e-06
2.305848864693346e-06
7.278128298249728e-06
-1.0622077662526354e-05
-2.5538915963154515e-05
-1.1616533549328192e-05
-1.6719746821635363e-06
8.272584184953441e-06
1.3244863618537168e-05
-1.8029085210009648e-07
-2.6664305689219224e-06
8.141650346712457e-07
3.169370912074285e-07
1.4736547448643012e-05
-1.6719746821842243e-06
2.070328276893745e-05
-1.310821737939374e-05
-1.808049681287233e-05
-3.163658512280251e-06
7.775356241569175e-06
-2.666430568846918e-06
-3.1636585122869144e-06
5.289216524831092e-06
-1.758326886947895e-05
-1.3605445322701962e-05
1.57310033353257e-05
7.27812829825323e-06
4.294760638131595e-06
-1.1747467387459807e-06
-1.9572180642984486e-05
8.14165034591349e-07
2.8030768080071774e-06
7.278128298210482e-06
3.1693709122916224e-07
-1.1119305605969846e-05
3.797532694747326e-06
-1.0622077662484651e-05
-1.4102673265983203e-05
-6.14702617240786e-06
-1.3108217379385324e-05
4.294760638117927e-06
-1.6719746821348118e-06
-1.6719746821814166e-06
1.8714370995506228e-05
3.7975326947886748e-06
9.764268015022507e-06
-8.135937945763398e-06
-5.152570285691171e-06
8.141650345773357e-07
-1.8029085207450478e-07
-1.8029085215231662e-07
-6.64425411575672e-06
8.141650345640114e-07
-7.638710002429956e-06
-7.1414820591396e-06
4.791988581420905e-06
-1.5594357095995135e-05
8.141650345703223e-07
-7.141482059123822e-06
-1.6719746822189187e-06
4.294760638100758e-06
-1.1119305605956182e-05
3.169370912712022e-07
-9.62762177590745e-06
6.2836724116133015e-06
1.4239319505314816e-05
2.803076808009621e-06
-9.130393832545962e-06
-1.1616533549329587e-05
-1.8029085215160739e-07
5.786444468154399e-06
2.3058488648156417e-06
7.278128298218542e-06
-2.305277624638071e-05
1.311392977939168e-06
1.0261495958383644e-05
8.769812128330362e-06
-1.6719746821474247e-06
-1.2610989436029085e-05
1.8086209213216859e-06
-8.633165889137508e-06
-6.775187953070571e-07
-2.1692026255807576e-06
-5.649798229040052e-06
2.3058488646418373e-06
-1.261098943598073e-05
-2.169202625582856e-06
-3.660886455636845e-06
-7.638710002441163e-06
-1.0124849719254572e-05
-8.135937945733611e-06
3.1693709122564986e-07
-4.655342342323026e-06
-3.2997335113277964e-05
-1.509712915280431e-05
5.289216524940443e-06
1.1255951845124843e-05
-3.660886455641051e-06
-2.006940858627203e-05
-7.638710002454125e-06
-6.775187954710563e-07
8.141650345755739e-07
-2.355000418979021e-05
-7.141482059061097e-06
-4.158114398988868e-06
2.0703282769035568e-05
-7.638710002452371e-06
9.764268015080322e-06
-5.649798229036553e-06
-1.3108217379334858e-05
3.1693709121934793e-07
-6.147026172410306e-06
-2.0566636529659106e-05
-7.63871000248112e-06
2.3058488646642553e-06
9.764268015109761e-06
3.797532694780968e-06
-2.1692026255450174e-06
-1.1747467388364009e-06
-1.671974682123588e-06
-1.1616533549285774e-05
-2.169202625492445e-06
-1.6091585039482783e-05
-2.169202625572344e-06
-6.775187955120504e-07
3.1693709122845295e-07
-5.152570285696079e-06
-2.3052776246385264e-05
-1.6588812982722674e-05
8.27258418495905e-06
1.7222687165416483e-05
4.294760638065026e-06
-6.6442541157031065e-06
-6.147026172335308e-06
-9.627621775894138e-06
-8.633165889156785e-06
-8.633165889197793e-06
9.267040071669417e-06
-5.649798229065991e-06
-1.4102673266090436e-05
-1.3108217379377618e-05
1.1255951845165487e-05
-1.2610989436041712e-05
-1.2113761492554762e-05
-1.0622077662616067e-05
-3.1636585122669405e-06
-1.1616533549298396e-05
-2.666430568915259e-06
-1.6588812982867056e-05
-1.9074952699613532e-05
-2.255554830304375e-05
-5.6497982290298875e-06
-3.660886455596895e-06
-1.1616533549305062e-05
-3.200287922662997e-05
-6.14702617236685e-06
-1.8029085211656958e-07
-5.649798229067385e-06
-1.3108217379365699e-05
-1.161653354926511e-05
-1.4599901209450882e-05
-1.0124849719259488e-05
2.1697738655754705e-05
-1.0622077662487104e-05
-8.135937945836644e-06
-4.6553423423489655e-06
-6.1470261724292325e-06
-1.708604092620787e-05
-2.0566636529683294e-05
4.294760638093049e-06
1.4239319505292383e-05
-5.649798229045305e-06
-1.5594357096152832e-05
9.267040071681677e-06
5.786444468144935e-06
-9.627621775913759e-06
-7.141482059026053e-06
4.791988581460153e-06
-1.3108217379287912e-05
3.3003047514776444e-06
8.141650345794274e-07
4.294760638107069e-06
-2.16920262557374e-06
-1.2113761492586295e-05
9.764268015055789e-06
-8.13593794573501e-06
1.4239319505282927e-05
1.8086209212922451e-06
-9.627621775789706e-06
-6.775187954962843e-07
7.775356241576176e-06
-1.4102673266090436e-05
5.786444468235687e-06
6.283672411630841e-06
-9.130393832540358e-06
-7.141482059084574e-06
-3.163658512283759e-06
-6.644254115567485e-06
2.8030768080460706e-06
-6.147026172383667e-06
-4.655342342316715e-06
4.294760638151573e-06
-6.775187955109979e-07
-2.169202625569536e-06
-1.3108217379389883e-05
-6.644254115699608e-06
-4.655342342362974e-06
-1.1119305605738557e-05
3.169370912564909e-07
-1.310821737930963e-05
-3.660886455534167e-06
-1.8029085205769287e-07
8.141650345682284e-07
-6.147026172352132e-06
-1.1616533549328183e-05
-8.135937945825082e-06
9.764268015064194e-06
-1.3108217379361851e-05
-3.0013967453328734e-05
-6.775187954966367e-07
9.764268015036862e-06
-1.1747467388342822e-06
8.141650345647205e-07
1.423931950533759e-05
6.283672411503962e-06
-4.655342342357718e-06
3.300304751363401e-06
-1.174746738858478e-06
-9.627621775901148e-06
-1.8029085214880426e-07
1.075872390178262e-05
-7.1414820591217216e-06
-1.6719746821439258e-06
-1.8029085205277783e-07
-5.649798229032347e-06
-3.6608864556382504e-06
-1.1616533549284022e-05
-4.158114398943315e-06
-4.655342342292892e-06
-1.1616533549307158e-05
2.7167246032829573e-05
-5.649798228949645e-06
-3.2500107170106066e-05
-1.6091585039479985e-05
-1.1616533549304007e-05
1.324486361853472e-05
2.803076808021886e-06
3.7975326947315555e-06
-2.6664305687852427e-06
8.272584184959751e-06
-1.2113761492686527e-05
1.0758723901762992e-05
-1.8029085200091456e-07
-1.161653354931627e-05
3.169370912046186e-07
-7.63871000240682e-06
2.3058488646758203e-06
-6.775187954920672e-07
-7.638710002495833e-06
-2.7527827736532144e-05
2.8030768079956056e-06
4.791988581450341e-06
1.175317978844814e-05
2.3058488646558528e-06
-9.130393832541058e-06
-1.2113761492663736e-05
-2.255554830309001e-05
5.786444468141782e-06
-1.671974682164589e-06
-8.135937945819822e-06
-1.1616533549325381e-05
-1.3605445322670764e-05
-1.4599901209372724e-05
-2.1692026255723482e-06
-9.130393832487786e-06
1.0758723901793831e-05
-1.6588812982855492e-05
9.267040071679224e-06
-7.141482059125935e-06
2.6670018089293576e-05
-7.638710002457282e-06
1.8086209212838472e-06
-2.6036143906527922e-05
-4.158114398990273e-06
8.76981212837381e-06
-1.671974682217866e-06
-1.1119305605961444e-05
8.141650346102706e-07
-1.3605445322734203e-05
-8.135937945745185e-06
3.300304751359209e-06
-2.703059979312545e-05
-4.655342342339501e-06
-1.6091585039348213e-05
-4.655342342357718e-06
-1.8029085215301007e-07
-1.4102673266075718e-05
-8.13593794582403e-06
-6.644254115595877e-06
-1.758326886956411e-05
-1.0124849719191502e-05
-1.1616533549294542e-05
8.141650346207829e-07
-5.649798229046362e-06
-8.13593794584506e-06
1.672545922209388e-05
-1.3108217379301222e-05
4.791988581418799e-06
-7.63871000249513e-06
5.28921652478589e-06
-1.8029085209835045e-07
-1.1747467388167791e-06
2.468110631590087e-05
-2.666430568902994e-06
-2.2555548303059165e-05
1.0758723901758444e-05
-4.158114398972056e-06
-4.65534234218846e-06
5.289216524798155e-06
-9.130393832545962e-06
-2.8522283623293328e-05
-8.13593794579144e-06
9.76426801503055e-06
-2.205832035969381e-05
-2.901951156663554e-05
-3.1636585121779317e-06
-6.644254115783715e-06
-1.8029085212252366e-07
5.289216524798155e-06
5.786444468140029e-06
4.791988581505698e-06
-2.6664305689191213e-06
2.1697738655662185e-05
6.283672411501175e-06
6.7809003548682655e-06
-2.7030599793166106e-05
1.42393195052633e-05
-1.7583268869566555e-05
-5.6497982290663345e-06
-1.0124849719184473e-05
1.5731003335364258e-05
7.278128298229758e-06
1.4239319505249281e-05
-3.163658512291468e-06
-6.775187954868156e-07
6.780900354853556e-06
-4.655342342321275e-06
-1.1616533549199226e-05
1.374209156191056e-05
2.8030768079973675e-06
-1.0124849719265795e-05
-8.633165889191127e-06
-2.1692026255260778e-06
9.267040071748253e-06
-7.141482059081771e-06
1.4239319505286429e-05
-7.141482058975944e-06
2.305848864651638e-06
-1.0124849719242661e-05
4.29476063812178e-06
-7.638710002475509e-06
-6.147026172398392e-06
3.7975326948307397e-06
1.573100333535513e-05
1.2747635675260819e-05
-9.130393832417704e-06
-4.6553423422354224e-06
2.803076808063951e-06
-9.627621775905343e-06
-4.158114398996238e-06
-5.152570285683462e-06
2.5675562202585664e-05
6.780900354872467e-06
1.2250407731946296e-05
1.4239319505280122e-05
8.272584184947139e-06
8.272584184980079e-06
-1.2113761492670751e-05
3.797532694725599e-06
-7.638710002431699e-06
1.225040773199011e-05
-7.638710002488821e-06
-3.1636585122319004e-06
-1.0622077662586629e-05
-1.5097129152804662e-05
-1.1616533549295247e-05
5.2892165247785354e-06
-3.660886455596895e-06
-1.9074952699459335e-05
9.267040071657856e-06
-1.7086040926218735e-05
-1.3108217379305436e-05
-7.638710002471303e-06
1.8086209212806827e-06
-1.509712915280431e-05
-9.627621775913759e-06
1.2747635675163058e-05
-3.163658512283061e-06
-5.152570285683462e-06
9.764268015047726e-06
-6.644254115669465e-06
-6.644254115764791e-06
3.3003047514135295e-06
-2.305277624644624e-05
1.0261495958401511e-05
-5.649798229023926e-06
-8.135937945844352e-06
-6.147026172351787e-06
2.80307680799596e-06
1.3113929779833198e-06
-1.2113761492681971e-05
-9.130393832532649e-06
-7.141482059133993e-06
-2.66643056881469e-06
-3.1636585122466206e-06
5.289216524904694e-06
-5.152570285708703e-06
5.289216524797464e-06
-2.6664305688903743e-06
8.141650346176342e-07
-3.660886455556228e-06
8.272584184928567e-06
-5.6497982290708974e-06
-6.147026172400493e-06
5.786444468198911e-06
9.76426801500742e-06
1.5233775392041305e-05
5.2892165248153305e-06
1.4239319505364926e-05
-6.147026172420114e-06
-8.633165889176414e-06
8.769812128306165e-06
-1.360544532274752e-05
-1.0622077662528109e-05
1.374209156193861e-05
-1.6588812982833415e-05
9.764268015036856e-06
-5.649798229062131e-06
7.278128298220308e-06
1.0261495958368565e-05
7.278128298265144e-06
3.1693709120638044e-07
-8.13593794581387e-06
-4.158114399003595e-06
9.764268015011634e-06
-8.135937945725209e-06
-1.6091585039505558e-05
1.2250407731897935e-05
3.169370912158378e-07
1.1753179788462147e-05
-5.649798229039354e-06
-1.6588812982845677e-05
-4.158114398990625e-06
2.1200510712300697e-05
-8.633165889136468e-06
-1.3605445322739111e-05
-1.2610989435990541e-05
-5.152570285660344e-06
-2.169202625456009e-06
8.769812128449141e-06
-1.459990120944282e-05
-3.6608864556452524e-06
1.3244863618540664e-05
-4.158114398958029e-06
8.14165034658626e-07
1.3113929779433693e-06
-1.1747467388402475e-06
1.274763567519566e-05
6.283672411513083e-06
-1.5097129152763306e-05
-1.1747467387466944e-06
7.775356241569175e-06
-1.6719746822112073e-06
-1.0622077662583124e-05
1.3742091561894795e-05
4.29476063808534e-06
-2.1692026255775977e-06
-1.1616533549192212e-05
-5.649798229023926e-06
-1.2610989435993345e-05
5.289216524814983e-06
-9.130393832506003e-06
-1.6719746821719525e-06
-2.666430568931032e-06
-3.6608864556298385e-06
-4.655342342335286e-06
1.6725459222104404e-05
2.8030768080155935e-06
6.283672411508177e-06
-5.152570285708699e-06
6.780900354941856e-06
1.3742091561890602e-05
-2.454446007646518e-05
-1.3605445322725441e-05
-8.633165889017316e-06
-1.658881298283972e-05
-1.1119305605962494e-05
-5.152570285717108e-06
6.283672411539709e-06
5.2892165247785405e-06
-2.5041688019782863e-05
-6.147026172338815e-06
4.791988581464349e-06
3.7975326947340085e-06
-2.6533371849893963e-05
-5.649798229027093e-06
-1.708604092620051e-05
-2.666430568846576e-06
-7.141482059105603e-06
-2.6664305689170164e-06
1.1753179788523825e-05
1.7222687165444516e-05
-1.7583268869566904e-05
-7.638710002488821e-06
5.786444468243767e-06
-2.1063864472973296e-05
-4.158114398993426e-06
-8.135937945784438e-06
-6.1470261724292325e-06
2.305848864698943e-06
-1.3605445322724391e-05
1.3742091561886745e-05
-1.1747467388388515e-06
-1.8029085212252366e-07
7.775356241603864e-06
4.294760638095145e-06
-1.2113761492661292e-05
-8.633165889167295e-06
-9.627621775753957e-06
-5.152570285614085e-06
4.791988581467146e-06
3.797532694720352e-06
-9.130393832547367e-06
-1.0622077662595045e-05
-1.4599901209413377e-05
6.2836724114945246e-06
-3.66088645561267e-06
-2.056663652968434e-05
-1.3605445322701962e-05
-3.163658512280251e-06
-1.1747467388588167e-06
8.769812128321248e-06
-8.633165889122096e-06
-9.62762177589904e-06
-6.775187955124074e-07
8.76981212832895e-06
-8.13593794584716e-06
1.808620921387228e-06
-3.163658512255728e-06
2.020605482563484e-05
-1.3108217379359388e-05
-1.3108217379304372e-05
-6.14702617235844e-06
-1.3108217379305778e-05
-4.655342342355972e-06
-1.2113761492586299e-05
-2.156109241637228e-05
-1.1616533549311373e-05
-2.454446007649917e-05
1.1255951845110827e-05
2.803076807994562e-06
-2.7527827736605043e-05
5.289216524894179e-06
1.1753179788476173e-05
-1.671974682195439e-06
2.8030768080152276e-06
-1.062207766257751e-05
1.4736547448642316e-05
-1.8029085215370803e-07
-6.775187953547056e-07
-1.6719746821999882e-06
-5.6497982290411064e-06
1.672545922205395e-05
-1.708604092620296e-05
-6.775187954226829e-07
-1.174746738838497e-06
-3.1636585122879672e-06
-1.90749526996251e-05
1.473654744879159e-05
-4.655342342348261e-06
-2.5538915963202538e-05
5.289216524812186e-06
5.786444468135832e-06
-7.638710002489526e-06
4.294760638091298e-06
-1.211376149257438e-05
1.821714305218887e-05
8.272584185022823e-06
9.76426801500742e-06
-3.1636585122729036e-06
1.8086209212838472e-06
-2.4047232133111404e-05
2.3058488648293027e-06
-2.666430568870755e-06
7.775356241604208e-06
6.780900354860568e-06
1.3742091561924233e-05
-1.2113761492679168e-05
-6.14702617238858e-06
7.278128298242023e-06
5.2892165248279395e-06
-6.644254115780562e-06
-1.8080496812856906e-05
-4.158114398988172e-06
3.797532694778865e-06
1.5731003335384573e-05
4.791988581419504e-06
1.1255951845148678e-05
-6.147026172387172e-06
6.28367241150887e-06
-1.6719746822266166e-06
9.2670400716992e-06
-3.660886455610915e-06
6.283672411511691e-06
9.764268015030903e-06
-9.13039383251162e-06
-1.1119305605926742e-05
9.764268015021441e-06
-1.6719746821789659e-06
-1.2610989436034699e-05
-8.633165889179914e-06
-3.6608864555464206e-06
1.2747635675229284e-05
1.4239319505263308e-05
-1.2610989435977929e-05
-1.671974682190883e-06
4.791988581492383e-06
-1.957218064290739e-05
1.8086209214352334e-06
-3.660886455596899e-06
-9.130393832458354e-06
1.6725459222067602e-05
-3.163658512283061e-06
-7.1414820590873846e-06
1.0758723901818366e-05
8.141650346102706e-07
-4.6553423422795715e-06
-3.660886455573758e-06
1.2250407731806127e-05
-1.1747467387347705e-06
-1.8577724756273773e-05
-1.062207766260906e-05
-5.649798228988879e-06
1.5233775391967718e-05
4.791988581419504e-06
-6.775187953617077e-07
7.775356241687616e-06
-1.1616533549302247e-05
-1.2113761492662693e-05
1.4736547448631094e-05
1.4736547448608326e-05
7.278128298234308e-06
6.780900355006686e-06
4.791988581432806e-06
-2.169202625566392e-06
-8.633165889035185e-06
2.3058488646491803e-06
2.803076808207633e-06
-1.808049681292069e-05
-1.9074952699499633e-05
7.278128298222743e-06
-7.638710002476207e-06
-2.8025055679954967e-05
-6.775187953578476e-07
8.141650346078176e-07
1.7719915108768155e-05
4.294760638082894e-06
-1.4599901209437207e-05
-1.6719746821915765e-06
-3.6608864555856755e-06
-6.775187953483991e-07
-5.152570285687675e-06
-1.802908521011468e-07
2.3058488646978995e-06
3.169370913447946e-07
-2.1692026255695475e-06
9.764268015016888e-06
8.141650345647161e-07
-2.305277624642171e-05
1.0261495958379787e-05
5.289216524852824e-06
1.57310033353257e-05
-1.2113761492553351e-05
-7.638710002471303e-06
5.289216524784851e-06
4.294760638107069e-06
3.1693709120182e-07
-7.638710002454472e-06
1.3742091561974348e-05
-7.63871000249443e-06
-1.671974682188778e-06
1.8086209213227406e-06
4.79198858148293e-06
8.141650345829284e-07
7.2781282982213515e-06
-6.644254115686984e-06
-8.135937945825435e-06
-6.147026172425725e-06
1.7222687165474298e-05
6.7809003548724735e-06
3.3003047513823337e-06
-1.2610989436029447e-05
-7.638710002452371e-06
-8.13593794570839e-06
-1.0622077662589788e-05
-9.627621775864695e-06
-2.2058320359735526e-05
-1.6719746821411113e-06
3.3003047514485695e-06
-5.1525702857122e-06
3.3003047514037175e-06
-7.141482059037613e-06
-7.141482059132243e-06
5.289216524780636e-06
3.169370912053301e-07
-2.4544460076493925e-05
3.3003047513921483e-06
-3.163658512230491e-06
-9.130393832533e-06
9.76426801501093e-06
-1.1616533549259494e-05
3.3003047513984523e-06
2.803076807986853e-06
-7.638710002488821e-06
1.5731003335341473e-05
8.769812128307219e-06
2.305848864646393e-06
-2.1692026255775977e-06
3.3003047514412037e-06
-7.1414820590453285e-06
1.3244863618559592e-05
1.3113929779342664e-06
-1.1119305605902915e-05
-1.0124849719232847e-05
-2.454446007650092e-05
-5.64979822900151e-06
-2.1063864472997114e-05
-9.627621775906757e-06
1.3113929779300628e-06
-2.90195115665234e-05
1.7719915108806695e-05
5.289216524791144e-06
8.272584184927176e-06
-3.6608864556014553e-06
-2.6664305689142085e-06
-2.404723213314294e-05
-7.141482059015883e-06
1.3742091561900753e-05
-6.775187954647499e-07
1.8086209212915586e-06
-1.8029085200161818e-07
-2.106386447303672e-05
-4.655342342307264e-06
3.3003047514271858e-06
-6.147026172409607e-06
1.2250407731848872e-05
-5.152570285664541e-06
1.2747635675166205e-05
-1.6719746821698518e-06
-4.158114398954528e-06
-6.644254115780562e-06
-5.649798229056877e-06
-1.2113761492686527e-05
6.283672411582465e-06
-1.4102673266092543e-05
-7.638710002466742e-06
-5.649798229068096e-06
-6.775187954472241e-07
-2.1063864472992564e-05
-7.141482059086688e-06
-2.10638644729831e-05
-4.158114398958734e-06
-1.3605445322724391e-05
-1.5097129152801851e-05
-1.7086040926188947e-05
7.775356241571628e-06
2.80307680800296e-06
3.1693709132132164e-07
1.4736547448757255e-05
-6.775187954279525e-07
-1.3108217379373066e-05
1.2747635675269235e-05
-1.708604092621032e-05
-6.147026172380166e-06
9.764268015021446e-06
-5.64979822903269e-06
-1.4102673266090436e-05
-5.649798229071945e-06
-2.056663652966367e-05
2.2194966599024736e-05
-1.509712915276366e-05
1.77199151088456e-05
-1.2113761492564567e-05
9.764268015029857e-06
-1.1119305605903615e-05
-4.655342342343352e-06
-1.2610989436028394e-05
-5.15257028571501e-06
5.786444468137572e-06
3.797532694728761e-06
2.8030768079900063e-06
1.3113929779573938e-06
-7.638710002385788e-06
-4.655342342289377e-06
-3.1636585122939303e-06
-4.65534234236158e-06
-4.158114398990273e-06
-1.559435709614232e-05
-2.169202625573401e-06
3.3003047513532525e-06
-1.1747467388332476e-06
1.5731003335355835e-05
2.803076808023641e-06
-1.1616533549333096e-05
2.3686650429127082e-05
-5.649798229046365e-06
-1.1747467388413024e-06
-1.7086040926185084e-05
1.42393195052528e-05
5.289216524785542e-06
-2.1692026255537677e-06
1.8217143052159438e-05
-7.638710002395258e-06
-2.6664305688742514e-06
-3.1636585122785008e-06
1.4736547448633905e-05
2.305848864642187e-06
-2.666430568830804e-06
-7.638710002432054e-06
-9.627621775882222e-06
-1.2610989435998604e-05
-5.6497982290421525e-06
-6.644254115672266e-06
-1.0124849719242661e-05
1.8086209212845452e-06
8.769812128348219e-06
-1.9572180642941738e-05
-1.671974682206997e-06
-2.6036143906512862e-05
-1.8029085212147106e-07
1.8086209212796324e-06
1.8086209213371063e-06
-6.147026172412412e-06
7.278128298238516e-06
-1.0124849719231448e-05
6.283672411510279e-06
5.786444468145644e-06
-1.802908521141211e-07
-5.649798229046365e-06
-3.1636585122785008e-06
5.2892165247932535e-06
6.780900354860897e-06
-7.1414820591133105e-06
8.769812128387824e-06
-3.1636585122942713e-06
-7.63871000241453e-06
1.8086209213805602e-06
-5.152570285706953e-06
-4.655342342160065e-06
-2.6664305688651416e-06
-1.410267326606836e-05
8.141650346008155e-07
3.797532694728759e-06
3.169370912046186e-07
-4.655342342307603e-06
1.0758723901730768e-05
1.311392977958094e-06
3.1693709123580975e-07
1.970882688224706e-05
-1.4102673266075718e-05
-4.158114398943315e-06
-8.633165889099315e-06
-1.7086040926083115e-05
-1.1747467388413045e-06
5.7864444681771766e-06
3.7975326947045725e-06
-9.130393832482525e-06
-5.152570285676105e-06
1.2250407731812432e-05
-1.174746738832186e-06
1.3742091561897956e-05
-5.64979822905968e-06
1.3113929779626545e-06
5.2892165248226896e-06
1.3113929779742125e-06
6.780900354910326e-06
-1.0124849719069541e-05
-1.1747467388686288e-06
1.3113929779202508e-06
-1.2610989435914495e-05
6.283672411532707e-06
4.294760638158928e-06
-1.6719746820114522e-06
-4.65534234233214e-06
-3.660886455647712e-06
6.283672411571259e-06
-9.627621775892742e-06
-5.649798229062131e-06
-1.261098943602839e-05
-1.808049681290562e-05
4.294760638072727e-06
-1.6719746821964825e-06
2.0206054825659017e-05
-7.141482059135744e-06
1.1753179788461809e-05
-7.638710002483918e-06
4.294760638086744e-06
-1.012484971926019e-05
-5.649798229043555e-06
-1.9074952699579536e-05
-3.66088645553802e-06
1.1753179788524182e-05
-1.4102673266088337e-05
-2.3550004189779694e-05
-1.4599901209421785e-05
-8.633165889203399e-06
-2.205832035949056e-05
1.3244863618541722e-05
5.289216524830745e-06
-4.158114398969246e-06
-4.1581143989762546e-06
1.0758723901735669e-05
-3.6608864556505108e-06
-2.0566636529664365e-05
-2.1692026255807533e-06
-1.6091585039481377e-05
8.141650345829284e-07
-4.158114398990273e-06
-4.655342342182859e-06
9.764268015057188e-06
-2.1692026255302905e-06
-1.671974682201384e-06
1.8086209212726257e-06
3.797532694720352e-06
2.318942248585529e-05
-1.80290852007928e-07
-6.1470261724145145e-06
-9.627621775771833e-06
1.77199151088456e-05
-4.655342342312518e-06
-1.8029085211445763e-07
-6.775187954615898e-07
-7.638710002456585e-06
4.294760638147713e-06
-4.655342342275362e-06
-7.638710002410318e-06
-5.6497982290358455e-06
9.764268015009873e-06
-6.147026172394186e-06
-7.141482059133646e-06
-5.649798229016931e-06
-6.147026172419423e-06
-4.655342342084736e-06
-2.5041688019679128e-05
7.27812829822029e-06
4.7919885814296575e-06
-8.135937945783022e-06
1.3113929779163862e-06
-7.638710002471303e-06
-9.130393832555422e-06
-5.649798229037253e-06
-1.174746738781032e-06
-8.135937945822279e-06
4.294760638108119e-06
-2.666430568916309e-06
-5.152570285680311e-06
1.3113929780884603e-06
-3.660886455567452e-06
9.267040071660653e-06
1.6228231278702954e-05
2.8030768080814656e-06
-4.1581143989377095e-06
-6.147026172397689e-06
-1.2610989435948146e-05
1.3113929779342664e-06
-3.660886455605311e-06
-5.152570285709754e-06
-7.638710002445365e-06
-6.644254115735696e-06
-1.9074952699612482e-05
2.5178334259196123e-05
3.1693709122845295e-07
1.1753179788454097e-05
-1.4102673266090436e-05
8.769812128289352e-06
-2.666430568884077e-06
-1.0124849719169069e-05
-6.775187954983805e-07
1.8217143052159438e-05
-8.633165889179914e-06
1.3113929779468726e-06
1.1753179788449877e-05
8.141650345619107e-07
-1.6091585039491545e-05
-2.1692026255197847e-06
7.775356241578982e-06
-8.633165889133664e-06
-1.4599901209455435e-05
-1.658881298286285e-05
1.0758723901748278e-05
3.7975326947066773e-06
3.169370912403611e-07
1.8086209213280013e-06
-3.660886455581474e-06
2.80307680799596e-06
-9.130393832558575e-06
7.278128298211888e-06
-1.0124849719257726e-05
-3.6608864556242257e-06
-3.1636585122602794e-06
7.775356241669743e-06
1.3244863618556787e-05
-1.671974682200695e-06
-1.3605445322670416e-05
9.764268015011634e-06
1.4239319505252783e-05
1.1255951845095405e-05
1.8086209213406209e-06
-1.9074952699622294e-05
-7.638710002456578e-06
4.7919885814468285e-06
-1.4102673266058901e-05
-1.2113761492617839e-05
-5.649798228995902e-06
-8.63316588914837e-06
8.27258418495064e-06
-2.156109241634284e-05
9.267040071719534e-06
1.921159893886174e-05
-8.135937945773567e-06
5.786444468161056e-06
1.3113929779812215e-06
1.8086209212873527e-06
-1.658881298280468e-05
-7.141482059059344e-06
-8.135937945790393e-06
-4.655342342227006e-06
8.769812128314939e-06
2.070328276909164e-05
-1.4599901209391657e-05
-1.2610989436031197e-05
-2.6664305689240184e-06
8.769812128361189e-06
-4.158114399000087e-06
8.141650345745304e-07
-1.5097129152733167e-05
-1.0622077662595389e-05
2.2692194542438788e-05
9.764268015043173e-06
7.775356241607717e-06
4.791988581507106e-06
-1.4599901209449123e-05
-6.644254115764089e-06
1.4239319505261898e-05
-1.7583268869493666e-05
5.289216524842309e-06
-7.638710002448526e-06
5.289216524801668e-06
-8.13593794582403e-06
-1.2113761492625898e-05
-7.141482059083185e-06
8.141650345773357e-07
-3.1636585122729036e-06
-2.2058320359723614e-05
-1.8029085200161818e-07
-1.8080496812916835e-05
-1.2610989435990187e-05
-1.4102673266034716e-05
6.283672411494154e-06
-1.2610989436012619e-05
2.305848864646393e-06
-4.158114398981864e-06
-1.9572180642864638e-05
2.3058488646744176e-06
-8.135937945807208e-06
-2.6664305689142085e-06
4.791988581457348e-06
1.771991510882878e-05
-2.6664305688448276e-06
1.3742091561918624e-05
1.8086209212915586e-06
-1.957218064297047e-05
3.300304751379874e-06
1.5731003335330603e-05
1.2250407731910539e-05
-2.454446007642033e-05
-1.6719746820945042e-06
-1.1747467388623245e-06
6.283672411504675e-06
1.8714370995520926e-05
-5.649798229062483e-06
1.62282312787769e-05
-2.1063864472979252e-05
-5.152570285712212e-06
4.7919885815372484e-06
-1.0124849719191502e-05
-6.1470261724004995e-06
-7.638710002476207e-06
-1.808049681288144e-05
-1.8029085213829653e-07
3.797532694750836e-06
-1.857772475614516e-05
-2.1063864473006933e-05
5.786444468157548e-06
-7.638710002490581e-06
8.272584184949231e-06
-2.169202625515559e-06
1.9211598938851927e-05
5.2892165248433665e-06
-6.644254115766192e-06
-3.1636585122921685e-06
-1.0124849719260178e-05
-3.1636585121576076e-06
-2.454446007649041e-05
1.3113929779356668e-06
-6.1470261723714e-06
3.169370913384927e-07
3.300304751396702e-06
-4.158114398886896e-06
-1.8029085215336921e-07
1.0261495958388902e-05
-2.1692026255660353e-06
-4.158114398993778e-06
1.2250407731824342e-05
5.786444468157198e-06
-5.649798229060385e-06
-5.1525702856456256e-06
-2.169202625477728e-06
-1.1119305605954083e-05
-3.0511195396681125e-05
-3.6608864556382504e-06
-7.14148205911261e-06
9.764268015089441e-06
-1.6719746822231223e-06
-7.14148205912523e-06
7.278128298317023e-06
-9.627621775905354e-06
-4.158114398965036e-06
-1.0124849719178881e-05
8.141650346512783e-07
5.7864444681785725e-06
2.803076808006468e-06
4.294760638093758e-06
1.8086209213679428e-06
-1.0124849719225492e-05
-4.158114399003595e-06
-3.6608864555254053e-06
7.278128298222743e-06
1.8217143052158032e-05
1.2747635675191088e-05
-2.1692026254696633e-06
-1.95721806429561e-05
-1.5594357096124802e-05
-1.6588812982864254e-05
1.5731003335328845e-05
-1.5097129152781875e-05
-1.2113761492526729e-05
8.272584184940127e-06
9.764268015072956e-06
-1.7086040926204715e-05
-1.8577724756221907e-05
-1.2113761492687577e-05
-1.2113761492683721e-05
-1.7086040926154246e-05
6.283672411501509e-06
2.5178334259238532e-05
1.4736547448687161e-05
-1.9572180642917195e-05
-6.14702617242713e-06
-1.5594357096141614e-05
-9.627621775899047e-06
-2.169202625575854e-06
5.786444468169465e-06
-6.64425411575427e-06
-7.638710002441866e-06
2.305848864639025e-06
-4.655342342277476e-06
9.764268015029857e-06
-1.2610989436026988e-05
-2.156109241632042e-05
-1.4102673266100953e-05
1.473654744873343e-05
1.8086209212880438e-06
-7.14148205909159e-06
5.786444468297371e-06
-6.775187955008335e-07
-8.135937945849265e-06
7.2781282982157365e-06
9.267040071726888e-06
1.2250407731816295e-05
-6.775187954815618e-07
-1.6091585039438277e-05
-9.627621775911661e-06
5.786444468216427e-06
1.0261495958363662e-05
-1.9074952699622294e-05
-1.3108217379360447e-05
-1.0622077662544928e-05
-1.8029085199881844e-07
7.278128298249728e-06
-7.638710002486016e-06
8.272584184986386e-06
-2.10638644729831e-05
7.278128298333142e-06
-6.1470261724075036e-06
-1.8029085206820513e-07
3.1693709123441156e-07
2.305848864637975e-06
-4.6553423423384504e-06
-1.802908521085013e-07
1.4736547448631094e-05
-1.2610989436032246e-05
3.169370912175906e-07
4.294760638118281e-06
-1.161653354931663e-05
1.3113929780527155e-06
-7.638710002495833e-06
9.76426801505299e-06
1.8086209212750832e-06
5.786444468184186e-06
8.272584184939775e-06
-1.2610989435961803e-05
3.1693709133533273e-07
1.0758723901724813e-05
1.7222687165439614e-05
2.803076808011035e-06
2.3058488647893634e-06
-1.0622077662616417e-05
8.769812128342622e-06
3.797532694719304e-06
-5.649798228962953e-06
3.300304751598899e-06
5.289216524831092e-06
-6.644254115699608e-06
1.1255951845152185e-05
1.3742091561916889e-05
-1.4102673266102003e-05
-1.6588812982860744e-05
-1.7086040926209974e-05
1.821714305217204e-05
-3.6608864556336942e-06
-1.1747467388300898e-06
-2.6664305689219224e-06
-2.6664305688886374e-06
7.775356241569875e-06
1.1255951845123433e-05
2.3058488646954444e-06
6.2836724116809455e-06
-5.6497982290414546e-06
1.1753179788486327e-05
-1.310821737922552e-05
-1.459990120935311e-05
-1.012484971926019e-05
1.1753179788461095e-05
-3.163658512138329e-06
-1.6719746821786112e-06
-7.638710002406472e-06
-8.135937945773569e-06
5.2892165247785405e-06
-1.3605445322684779e-05
-1.0124849719192193e-05
-2.666430568933485e-06
-1.9572180642936128e-05
-8.135937945708392e-06
-1.2113761492673208e-05
-1.4102673266096045e-05
4.294760638088152e-06
-3.660886455641051e-06
-1.8029085214108835e-07
-9.130393832536855e-06
-1.6091585039434075e-05
3.1693709123055137e-07
1.8086209212880438e-06
-1.1119305605973007e-05
4.79198858143352e-06
-1.1747467388525148e-06
1.1753179788450945e-05
-9.130393832513368e-06
7.278128298225196e-06
-7.638710002476912e-06
2.3058488646558528e-06
-8.13593794581246e-06
-1.2113761492613628e-05
-1.4102673266042072e-05
-9.627621775902554e-06
5.786444468257776e-06
2.169773865567411e-05
-4.6553423423524595e-06
-1.2610989436031197e-05
3.797532694705277e-06
8.7698121282939e-06
3.1693709123441156e-07
1.573100333532465e-05
1.1753179788545909e-05
1.921159893888067e-05
1.324486361867383e-05
3.3003047513697095e-06
-1.7583268869547626e-05
-1.3108217379388833e-05
8.141650347196056e-07
7.278128298244834e-06
-1.857772475625905e-05
-6.147026172427476e-06
1.5731003335340063e-05
1.4736547448618485e-05
2.803076808048876e-06
-1.2610989436022078e-05
-1.1747467387592938e-06
-1.609158503949575e-05
-1.7086040926217333e-05
-3.6608864556004003e-06
-7.638710002372478e-06
7.278128298284768e-06
1.026149595846495e-05
1.0261495958414491e-05
-1.0622077662582778e-05
-3.163658512252229e-06
-1.0622077662617468e-05
-2.6664305689002e-06
4.791988581422296e-06
-1.7583268869551488e-05
-7.638710002429956e-06
1.3113929779791162e-06
-2.2555548303085098e-05
-1.0124849719061835e-05
-1.4102673266037168e-05
9.764268015008485e-06
-4.655342342335286e-06
2.8030768080092687e-06
3.1693709123021706e-07
-5.1525702857023946e-06
-2.6664305689015937e-06
-3.660886455638946e-06
-1.3605445322698457e-05
-1.671974682200695e-06
-6.147026172419071e-06
-6.147026172344423e-06
4.791988581449279e-06
-1.26109894360375e-05
-2.0566636529634227e-05
-5.1525702855734245e-06
6.780900354978644e-06
-1.211376149265288e-05
9.764268015038262e-06
-1.0124849719208666e-05
-4.655342342343702e-06
-1.5097129152742979e-05
1.3113929779153335e-06
-1.80804968129249e-05
-2.056663652968434e-05
-1.4102673266056792e-05
2.8030768080183896e-06
-4.655342342348261e-06
-1.6719746821561818e-06
-1.174746738799947e-06
-6.775187954268977e-07
-1.0622077662602756e-05
8.141650347238204e-07
-1.9074952699630005e-05
-1.7583268869570062e-05
-3.1636585122865688e-06
-1.174746738838497e-06
-5.64979822893176e-06
-1.658881298286215e-05
3.3003047513704142e-06
-5.152570285697136e-06
3.7975326947063207e-06
1.8086209212961076e-06
-8.135937945838047e-06
-8.633165889122441e-06
5.7864444681470315e-06
-5.649798229064584e-06
5.289216524777492e-06
1.4239319505255588e-05
-9.130393832455543e-06
6.780900354869311e-06
5.786444468171218e-06
-6.147026172357732e-06
-2.666430568895289e-06
-5.1525702857059004e-06
-2.305277624642591e-05
4.294760638102865e-06
-7.638710002454477e-06
1.3113929779616063e-06
-6.644254115768997e-06
-5.15257028553628e-06
-1.0622077662617813e-05
-8.633165889183766e-06
-1.2113761492502185e-05
-4.158114398958036e-06
2.219496659905908e-05
3.797532694785187e-06
-1.459990120941758e-05
-5.649798229072295e-06
-7.63871000245378e-06
-1.0622077662590139e-05
-1.0124849719269998e-05
-1.4102673265936932e-05
-7.141482059116825e-06
5.289216524912055e-06
-4.158114398985364e-06
-9.130393832487788e-06
-2.7030599793254763e-05
-9.627621775814234e-06
-7.63871000249338e-06
-5.649798229049872e-06
-1.2113761492668309e-05
-1.360544532271563e-05
-1.0124849719191495e-05
1.0261495958424632e-05
-7.141482059118919e-06
-1.1747467388612698e-06
-8.135937945841901e-06
-2.6036143906511107e-05
-1.1119305605862957e-05
9.764268015026352e-06
8.141650345892416e-07
-2.454446007630747e-05
8.141650345629587e-07
-3.6608864555611408e-06
1.3742091561882191e-05
-4.655342342172688e-06
-2.2058320359729915e-05
1.4239319505287126e-05
-1.857772475627973e-05
3.300304751347994e-06
1.4239319505389455e-05
-4.65534234236158e-06
-2.1692026255702433e-06
-1.174746738823081e-06
-1.5594357096157044e-05
-3.1636585122487166e-06
-1.0124849719269297e-05
-4.158114398958029e-06
1.8086209213434173e-06
-9.13039383253124e-06
-2.0069408586222267e-05
3.797532694762042e-06
-1.3605445322624868e-05
1.62282312787387e-05
4.294760638070626e-06
1.0261495958369622e-05
5.289216524911708e-06
8.272584184933822e-06
-1.9074952699577435e-05
-2.0566636529623717e-05
1.1753179788452693e-05
7.278128298217493e-06
-6.775187954682441e-07
-6.775187955067921e-07
3.7975326949050253e-06
-1.671974682186666e-06
9.267040071699896e-06
-4.1581143989776556e-06
-1.41026732660624e-05
6.7809003548640684e-06
5.289216524860544e-06
-1.1616533549281573e-05
8.272584184963246e-06
-5.649798228861323e-06
7.775356241588445e-06
-6.147026172416263e-06
3.1693709123441156e-07
-1.0622077662617468e-05
-9.62762177582545e-06
-2.2058320359713093e-05
8.141650346680902e-07
-3.1636585121512942e-06
-4.158114398981161e-06
6.780900354860915e-06
-1.0622077662595389e-05
8.141650345671691e-07
-1.671974682162836e-06
-2.056663652966752e-05
-5.152570285691883e-06
8.272584184956599e-06
-7.638710002431356e-06
-6.644254115705912e-06
-3.349456305674599e-05
-4.158114398993426e-06
-1.2113761492676006e-05
-1.2113761492685124e-05
3.7975326947340085e-06
4.791988581421605e-06
-1.1747467388518078e-06
-2.1692026255397523e-06
1.8086209212915586e-06
-6.6442541157689905e-06
-6.775187954868224e-07
-1.2610989436026988e-05
1.8086209213048604e-06
-2.6664305689198082e-06
-1.310821737935729e-05
-8.63316588914137e-06
8.272584185095709e-06
-6.644254115725887e-06
1.8086209212806827e-06
-1.5594357096137064e-05
-2.66643056893208e-06
-6.644254115726944e-06
-9.13039383243207e-06
-7.141482059109104e-06
2.305848864674413e-06
-1.4599901209397256e-05
-1.2610989436035404e-05
-5.152570285712212e-06
-1.0622077662522849e-05
-6.775187955123893e-07
-7.1414820590866705e-06
-2.0069408586300075e-05
-2.169202625498058e-06
-3.1636585122213904e-06
-1.3605445322746815e-05
2.7167246032694668e-05
-6.147026172394886e-06
-3.0511195396662195e-05
-1.0622077662617813e-05
-7.141482059121026e-06
3.1693709127049967e-07
1.0758723901866025e-05
1.1753179788501404e-05
-1.8080496812877228e-05
8.141650346796551e-07
9.764268015021446e-06
-1.2113761492628698e-05
-7.141482059039727e-06
-9.130393832559979e-06
-1.671974682210505e-06
3.3003047513865464e-06
1.8086209212848908e-06
-6.147026172380873e-06
-2.653337184986349e-05
1.311392977957046e-06
3.7975326947115948e-06
4.7919885814307036e-06
-7.638710002443264e-06
-1.0124849719239508e-05
-5.6497982290298875e-06
3.169370912999516e-07
-1.1747467388080106e-06
8.272584184927515e-06
8.141650346376038e-07
-1.7583268869574267e-05
-2.30527762464175e-05
7.775356241612623e-06
-1.1747467388476044e-06
3.3003047514636353e-06
9.764268015124473e-06
-2.1692026255660353e-06
4.791988581425111e-06
-1.907495269961528e-05
-1.0622077662514436e-05
3.7975326947245442e-06
1.6725459222091428e-05
-1.2610989435946386e-05
-8.633165889172548e-06
-6.644254115724845e-06
-6.775187955110001e-07
5.786444468274949e-06
-1.0622077662592241e-05
-7.141482059070563e-06
-2.4047232133141534e-05
1.771991510878288e-05
-3.163658512203153e-06
1.8086209213216859e-06
2.4681106315879836e-05
6.780900354946064e-06
8.272584184949592e-06
3.3003047514152756e-06
-1.1119305605953377e-05
1.573100333546307e-05
5.289216524862636e-06
-8.13593794584436e-06
-1.5097129152768212e-05
-6.775187954773492e-07
-9.130393832559979e-06
3.300304751373231e-06
-2.169202625538695e-06
-4.158114398982559e-06
-9.627621775883623e-06
-1.5594357096124802e-05
-5.1525702856680575e-06
-3.6608864556421014e-06
1.3113929779342664e-06
1.3244863618532262e-05
-1.4599901209394798e-05
-2.6664305689002e-06
-4.655342342325131e-06
-1.1747467388497094e-06
-1.310821737932715e-05
-1.4599901209367124e-05
4.791988581531986e-06
-2.1692026255705864e-06
6.780900354874574e-06
4.294760638138619e-06
-8.633165889163092e-06
-6.147026172393832e-06
-1.55943570961248e-05
-1.7583268869501374e-05
4.791988581488195e-06
6.780900354864059e-06
-8.633165888987514e-06
-1.671974682215413e-06
-1.062207766262168e-05
-1.4102673266100953e-05
-1.3605445322733498e-05
-1.3108217379373415e-05
1.3113929779626545e-06
-1.6719746821786112e-06
1.5233775392034998e-05
-6.1470261722887e-06
-2.1063864472757767e-05
1.0261495958384693e-05
-2.2058320359735523e-05
-7.141482059099297e-06
-1.1616533549333096e-05
3.169370912466721e-07
-6.644254115699603e-06
-1.7086040926221883e-05
-1.509712915279134e-05
-2.666430568898797e-06
-8.135937945844352e-06
-5.152570285690123e-06
-2.1063864472943853e-05
-4.65534234233143e-06
-3.163658512200357e-06
-4.158114398898463e-06
1.808620921314329e-06
-8.633165889203399e-06
-4.158114398958029e-06
-1.6719746822147016e-06
-1.5097129152808514e-05
-3.1636585122781526e-06
-5.6497982290330384e-06
-9.130393832429265e-06
-4.6553423422795766e-06
4.791988581437717e-06
-1.1119305605909922e-05
-1.3605445322748923e-05
8.769812128291114e-06
1.0261495958380834e-05
5.289216524796052e-06
1.2250407731825041e-05
-1.8080496812861815e-05
-2.169202625424459e-06
-9.62762177578025e-06
-1.3605445322704413e-05
-8.633165889205845e-06
-1.1747467388497094e-06
-2.1063864472908454e-05
7.278128298225205e-06
8.272584185029493e-06
-9.627621775848588e-06
6.28367241149556e-06
-5.152570285706605e-06
-1.3108217379362202e-05
-6.644254115722737e-06
-2.156109241629518e-05
2.3058488646491896e-06
7.27812829824098e-06
2.8030768080050767e-06
-1.1747467388528627e-06
-7.638710002445365e-06
7.77535624157198e-06
-7.63871000249513e-06
-5.649798229054772e-06
-6.775187955088995e-07
-1.9074952699555016e-05
-1.21137614926301e-05
-9.627621775875215e-06
5.786444468136167e-06
-9.627621775714364e-06
-1.1616533549278418e-05
3.1693709120041055e-07
-5.649798228962592e-06
6.2836724115001175e-06
-2.0566636529633875e-05
-4.6553423423531736e-06
7.775356241701622e-06
1.1753179788446386e-05
-7.141482059072667e-06
3.1693709123055587e-07
-9.13039383253615e-06
1.0261495958402204e-05
1.4736547448631094e-05
-1.6091585039451585e-05
-2.6533371849906235e-05
4.294760638086038e-06
-6.775187955067921e-07
-7.638710002432054e-06
-9.13039383252774e-06
-4.655342342338444e-06
-1.2113761492602418e-05
4.294760638225517e-06
-5.649798229042855e-06
3.169370912060235e-07
8.141650345867908e-07
-3.6608864555317114e-06
-8.633165889200939e-06
-9.627621775913064e-06
2.305848864712272e-06
-6.775187955025772e-07
-1.0622077662582422e-05
-6.147026172319884e-06
1.2250407731875159e-05
-2.1692026255821603e-06
1.8086209213073134e-06
-2.6664305688423746e-06
-1.4599901209453335e-05
-1.671974682200695e-06
-1.0124849719217435e-05
-1.802908521141211e-07
-1.1119305605859461e-05
-8.135937945836644e-06
1.311392977918148e-06
-6.147026172413464e-06
-1.6719746820829371e-06
-2.16920262557374e-06
8.272584185013718e-06
-4.1581143989738e-06
-5.649798229009911e-06
5.289216524827602e-06
-3.1636585120826125e-06
-9.13039383251091e-06
-5.6497982290421525e-06
9.267040071648744e-06
1.3113929781263034e-06
6.780900354896296e-06
-1.609158503950066e-05
1.3113929779819283e-06
-1.1747467387911852e-06
-3.163658512275702e-06
-2.9516739510002994e-05
-6.1470261723952385e-06
3.16937091295739e-07
-7.638710002464296e-06
1.6228231278747108e-05
3.7975326947613393e-06
1.4239319505250682e-05
6.7809003548553e-06
7.27812829835837e-06
-3.1636585122599406e-06
2.31894224858143e-05
1.8217143052240743e-05
-5.649798229002906e-06
-1.8080496812864614e-05
-5.15257028571501e-06
-1.4102673266102003e-05
-1.4599901209393057e-05
-1.808049681287163e-05
-1.559435709615634e-05
6.780900354864755e-06
2.120051071237078e-05
-1.6091585039474028e-05
8.272584185012674e-06
-1.4599901209413377e-05
2.0206054825576658e-05
-1.2113761492684772e-05
-2.6664305688588397e-06
3.3003047513535934e-06
5.78644446815334e-06
6.780900354946759e-06
8.272584184931721e-06
-1.0124849719208666e-05
-2.2555548303054964e-05
-4.6553423422991955e-06
1.175317978844814e-05
1.3244863618571505e-05
1.075872390182679e-05
1.0758723901775262e-05
-6.644254115722737e-06
-5.1525702856624485e-06
-9.627621775871709e-06
-2.6664305688882783e-06
3.3003047513564035e-06
2.8030768080513315e-06
-2.1692026252842757e-06
-6.644254115776702e-06
8.141650345671668e-07
-1.4599901209287215e-05
1.8086209214050926e-06
-1.0124849719108098e-05
-5.152570285653328e-06
-3.8964070433628475e-05
-2.66643056893208e-06
1.075872390184361e-05
1.3244863618536472e-05
-3.660886455431834e-06
1.2747635675281863e-05
6.780900354936604e-06
-9.130393832499357e-06
-1.2610989436042066e-05
-9.130393832514778e-06
1.374209156188744e-05
-6.775187954303919e-07
1.3742091562037422e-05
-6.147026172400493e-06
-1.3108217379319798e-05
-3.660886455582177e-06
-1.2610989436020682e-05
-1.9074952699618787e-05
-1.2113761492679168e-05
2.305848864712265e-06
-3.6608864556298385e-06
1.1753179788568696e-05
-6.644254115722031e-06
-1.2113761492645174e-05
-8.633165888946861e-06
-7.141482059125925e-06
-1.4102673266064501e-05
-8.13593794584436e-06
-1.8080496812928395e-05
-2.6664305688605926e-06
-5.1525702857122e-06
-7.1414820590989465e-06
4.294760638128789e-06
7.775356241745793e-06
-1.5097129152803259e-05
5.786444468154042e-06
-4.158114398954528e-06
8.76981212831458e-06
-3.6608864556298385e-06
-2.603614390645433e-05
-1.3108217379357996e-05
7.278128298236413e-06
-3.6608864555495737e-06
5.786444468137233e-06
-1.2113761492620641e-05
-2.255554830306548e-05
-1.5594357096153886e-05
-1.1119305605941466e-05
1.6228231278704028e-05
-6.147026172425725e-06
7.278128298225901e-06
5.7864444682132695e-06
-7.638710002352853e-06
-6.64425411568068e-06
1.3113929779798165e-06
-1.6719746822140083e-06
-5.649798229072993e-06
-1.410267326599267e-05
-1.2610989435997553e-05
-1.1616533549327832e-05
3.797532694808658e-06
-1.1747467388013564e-06
4.294760638082532e-06
-8.135937945846104e-06
-7.638710002469895e-06
-6.147026172232977e-06
-5.649798229020425e-06
7.775356241659934e-06
-9.627621775880115e-06
-6.147026172334611e-06
-6.147026172300272e-06
3.1693709122845295e-07
-6.6442541157816096e-06
-6.644254115701709e-06
1.8086209212947072e-06
-4.158114399007089e-06
-4.158114398992378e-06
-8.135937945823332e-06
-1.1616533549331693e-05
-1.0124849719230042e-05
-1.1747467387242514e-06
-6.775187954500295e-07
-1.2610989436018585e-05
-1.2113761492685827e-05
1.3113929780131083e-06
-8.633165889189372e-06
1.4239319505242984e-05
3.300304751355701e-06
7.278128298257438e-06
1.3244863618538921e-05
1.311392977916743e-06
7.278128298211187e-06
-8.633165889167998e-06
1.0758723901737065e-05
-1.2610989435982137e-05
2.803076808123162e-06
-1.0622077662599953e-05
-6.644254115768995e-06
8.141650346372537e-07
8.769812128328595e-06
-3.163658512226992e-06
1.5731003335357238e-05
6.7809003548794844e-06
-2.8025055679935696e-05
-6.775187955123893e-07
-6.147026172259266e-06
9.267040071671871e-06
1.1255951845170757e-05
1.8086209212978514e-06
-3.1636585121674175e-06
-6.147026172360182e-06
-1.0124849719213923e-05
-7.638710002473403e-06
6.283672411554795e-06
1.6228231278733792e-05
-1.2610989435902931e-05
1.7719915108936725e-05
-1.65888129828611e-05
-8.633165889158887e-06
8.272584184965001e-06
-3.163658512245918e-06
7.278128298216784e-06
-8.135937945731504e-06
-1.9074952699596707e-05
-1.8029085213829653e-07
-3.6608864555856823e-06
-1.957218064290108e-05
-1.907495269962861e-05
-1.1119305605964591e-05
3.3003047514569768e-06
-1.4102673266056799e-05
-5.152570285716415e-06
5.786444468322598e-06
-6.147026172346172e-06
7.775356241574428e-06
-5.649798229002205e-06
-1.0622077662590139e-05
-2.0566636529600224e-05
-1.1747467388413024e-06
4.791988581493094e-06
-2.1063864473019903e-05
6.2836724116613155e-06
6.2836724115249974e-06
-6.1470261724187225e-06
-8.135937945711893e-06
-9.627621775820551e-06
2.3686650429161435e-05
3.1693709136582364e-07
-2.9019511566599802e-05
9.267040071671871e-06
-9.130393832559284e-06
4.791988581437014e-06
-6.775187954472241e-07
4.791988581502195e-06
8.272584184947134e-06
-1.8029085212812988e-07
-1.261098943598738e-05
-6.775187954668414e-07
-1.3605445322742613e-05
9.764268015017226e-06
-3.660886455612654e-06
-3.660886455625278e-06
-4.655342342343352e-06
6.780900354956571e-06
1.3113929779798324e-06
3.3003047515176082e-06
-2.0566636529630724e-05
1.3113929779430214e-06
-5.649798229054772e-06
5.2892165247981595e-06
-2.169202625469313e-06
5.786444468154399e-06
1.2250407731812437e-05
-5.15257028567716e-06
1.311392977934612e-06
-1.3108217379332761e-05
4.2947606381025084e-06
-9.627621775889923e-06
-2.1692026254083313e-06
-2.666430568865151e-06
-1.0622077662539676e-05
1.808620921387228e-06
-1.174746738813969e-06
-1.3108217379282298e-05
1.1753179788449191e-05
-4.1581143989874625e-06
2.8030768080190807e-06
-2.666430568748459e-06
-1.559435709616125e-05
-3.1636585122304977e-06
6.283672411505372e-06
-5.649798229069492e-06
-2.169202625515925e-06
-8.135937945833497e-06
7.278128298225901e-06
1.0261495958379077e-05
1.4736547448617786e-05
-2.106386447302761e-05
2.8030768083432436e-06
-1.1747467388665305e-06
2.3058488646810855e-06
-6.77518795513103e-07
6.283672411567747e-06
5.786444468223429e-06
-2.6664305688917816e-06
8.769812128321932e-06
-8.633165889189028e-06
-2.6664305689275353e-06
-4.655342342304461e-06
-1.559435709605717e-05
-3.6608864555905794e-06
-1.8029085215160739e-07
-1.8029085209133252e-07
-7.63871000236827e-06
-9.130393832507415e-06
-6.6442541157816096e-06
-1.0124849719230747e-05
-5.152570285718159e-06
3.169370913090634e-07
-2.6664305688749515e-06
-9.130393832536855e-06
7.775356241593707e-06
5.786444468135832e-06
1.6228231278741866e-05
-1.8029085213829653e-07
-6.644254115745163e-06
1.324486361862337e-05
-5.152570285706605e-06
-8.63316588909441e-06
2.305848864655846e-06
-2.056663652966156e-05
-7.638710002470605e-06
2.8030768080359197e-06
-7.14148205913714e-06
-9.627621775854883e-06
-7.638710002487774e-06
-1.3108217379361851e-05
-1.6719746822245136e-06
1.8086209213069723e-06
4.7919885814296575e-06
3.169370912999516e-07
9.764268015043173e-06
6.283672411578266e-06
-9.130393832559284e-06
-1.609158503950837e-05
8.141650345640114e-07
7.775356241635054e-06
-1.7583268869553237e-05
-1.8029085215231662e-07
-2.1561092416351958e-05
8.141650345829284e-07
2.8030768079882445e-06
-4.158114398965747e-06
6.780900354859849e-06
1.4736547448619525e-05
-6.644254115756732e-06
1.3742091561889553e-05
-5.152570285710804e-06
3.169370914352171e-07
7.77535624162524e-06
-1.2610989436029447e-05
-1.808049681275318e-05
-6.644254115781612e-06
1.3113929779798324e-06
-1.310821737933066e-05
5.289216524805524e-06
1.4736547448642316e-05
4.294760638184156e-06
-1.6719746822234656e-06
-1.6091585039513276e-05
-9.130393832559284e-06
2.070328276896901e-05
-4.158114398960136e-06
-1.2113761492636748e-05
3.3003047514671365e-06
-1.0622077662602046e-05
-1.3605445322725096e-05
-3.2002879226611394e-05
3.1693709137774537e-07
-4.655342342256447e-06
-6.775187955039957e-07
-1.8080496812922446e-05
-6.644254115680691e-06
2.3058488646726626e-06
6.780900354858444e-06
2.8030768080797126e-06
-1.1747467388062577e-06
2.803076808011035e-06
1.3244863618617067e-05
1.3113929781774642e-06
-6.775187955036321e-07
-3.163658512263437e-06
1.3244863618545928e-05
-5.152570285717111e-06
-1.6588812982864254e-05
-1.2113761492678814e-05
2.305848864642187e-06
-1.3108217379345026e-05
-2.2555548303069682e-05
6.283672411507124e-06
-4.655342342259959e-06
-2.4544460076486566e-05
1.622823127870716e-05
1.622823127871557e-05
-6.147026172389984e-06
-1.907495269960547e-05
8.141650346144742e-07
-3.6608864555737675e-06
-4.655342342314625e-06
-6.147026172425725e-06
-1.857772475625975e-05
-1.6588812982834808e-05
-1.2113761492682324e-05
1.311392977920601e-06
1.311392978047805e-06
4.791988581462254e-06
-1.9074952699607583e-05
-3.163658512264135e-06
-3.6608864556000526e-06
-7.63871000245869e-06
6.283672411496264e-06
-4.158114398990273e-06
5.289216524818484e-06
-1.0124849719142435e-05
-1.2113761492680216e-05
1.2250407731803664e-05
3.3003047514061616e-06
-1.8029085209448573e-07
4.7919885814202e-06
6.283672411517989e-06
-1.2113761492666906e-05
-1.9074952699631408e-05
3.1693709126244947e-07
1.8086209212789433e-06
-2.1692026255555185e-06
7.278128298228704e-06
-1.5097129152726155e-05
-3.0511195396686725e-05
4.29476063808429e-06
-7.1414820591073584e-06
-1.671974682188778e-06
-1.3108217379316633e-05
-3.1636585122942713e-06
9.764268015013735e-06
-6.775187954784176e-07
-5.649798229070194e-06
1.2747635675188287e-05
3.7975326947539824e-06
-1.3605445322701614e-05
-1.8029085215231662e-07
-4.655342342348261e-06
1.1753179788492986e-05
-1.4102673265960062e-05
-3.6608864556336942e-06
6.283672411534805e-06
-2.169202625564987e-06
-1.8029085204122655e-07
-1.1616533549249687e-05
8.769812128370647e-06
-1.758326886957497e-05
-6.644254115645976e-06
-3.6608864556130063e-06
-6.147026172410657e-06
-5.649798229026036e-06
-8.13593794584506e-06
-1.26109894360375e-05
-1.3605445322711769e-05
-1.211376149265954e-05
4.294760638070626e-06
-1.2113761492667597e-05
-1.6091585039506263e-05
-6.644254115747972e-06
7.775356241609114e-06
1.4736547448652135e-05
-8.633165889142065e-06
1.8217143052187468e-05
-9.627621775877313e-06
4.294760638088852e-06
3.300304751434199e-06
1.0261495958517843e-05
-1.1119305605844043e-05
9.764268015014087e-06
-6.147026172351787e-06
-2.6036143906496036e-05
-9.627621775864699e-06
-5.64979822905512e-06
-2.9019511566657617e-05
-1.1119305605926742e-05
-1.5097129152745784e-05
-2.1692026254370627e-06
-4.1581143989307e-06
1.3113929781277084e-06
4.791988581506408e-06
-1.11193056059709e-05
1.8086209212775362e-06
4.791988581434229e-06
-1.8029085214389825e-07
8.769812128318442e-06
8.141650346901831e-07
4.294760638114066e-06
-6.775187954668482e-07
-8.63316588919183e-06
-3.163658512006908e-06
-3.1636585122869144e-06
-5.649798229006409e-06
-3.1636585122255824e-06
-3.6608864556193175e-06
3.16937091214792e-07
1.5233775391970176e-05
1.0758723901742675e-05
1.0261495958382587e-05
-7.141482058997667e-06
3.3003047513451794e-06
5.289216524829001e-06
-9.130393832510565e-06
-1.6719746821593442e-06
3.3003047513535934e-06
9.267040071805025e-06
4.294760638063613e-06
-1.1616533549272818e-05
-2.6664305689219224e-06
-7.141482059115413e-06
-1.0622077662581023e-05
-1.261098943584826e-05
-1.0622077662607664e-05
3.169370912473836e-07
-2.666430568899493e-06
1.2250407731816295e-05
-2.1063864473033913e-05
1.672545922206936e-05
-1.261098943594639e-05
-1.211376149266339e-05
-1.1747467388293898e-06
-8.135937945803005e-06
6.283672411517989e-06
-6.644254115771095e-06
2.305848864633767e-06
-7.638710002485323e-06
2.5178334259215073e-05
-1.4599901209364317e-05
5.28921652479326e-06
1.3113929779426802e-06
-1.6588812982754563e-05
-4.158114398678377e-06
-2.2058320359731664e-05
-1.1616533549307861e-05
8.141650345710248e-07
-1.5097129152785739e-05
1.3113929779251524e-06
9.267040071646648e-06
-7.63871000248112e-06
-2.2058320359657016e-05
-2.1692026255197737e-06
-1.6091585039451944e-05
-1.2113761492671812e-05
-1.3605445322749626e-05
1.672545922217868e-05
1.3113929779458267e-06
-6.1470261724025976e-06
1.3113929779398636e-06
2.3686650429122525e-05
1.0758723901748278e-05
1.0261495958442511e-05
-1.6719746822266166e-06
-7.141482059137849e-06
-1.8577724756263954e-05
-1.5594357096140218e-05
-6.775187954226919e-07
-1.1616533549323279e-05
6.780900354890336e-06
8.272584184948523e-06
-1.4102673266100951e-05
1.026149595842324e-05
1.9211598938924826e-05
7.278128298228003e-06
-1.4102673266089733e-05
2.368665042917333e-05
-9.130393832557882e-06
1.3113929779286601e-06
-7.638710002489526e-06
-7.638710002424336e-06
-1.5097129152784334e-05
-6.644254115756732e-06
6.283672411762603e-06
-1.9572180642928064e-05
2.3058488647312e-06
1.1255951845133948e-05
3.1693709133079036e-07
9.267040071645239e-06
1.8086209214506494e-06
1.8714370995527238e-05
-8.135937945840852e-06
1.3113929780022527e-06
1.4736547448748139e-05
6.283672411531306e-06
-1.1747467387564907e-06
1.311392977914638e-06
3.3003047514040584e-06
-9.13039383252914e-06
-8.633165889150122e-06
1.3244863618541374e-05
3.3003047514345427e-06
7.278128298301248e-06
3.169370912074285e-07
-3.163658512239607e-06
-5.649798229018327e-06
8.141650346628296e-07
-8.13593794575605e-06
-5.649798228857815e-06
6.780900354902612e-06
-1.5097129152708642e-05
-9.130393832548764e-06
1.8086209212806827e-06
1.5233775391978221e-05
8.141650345587552e-07
-1.8029085213619139e-07
6.7809003548619636e-06
-9.130393832543855e-06
6.780900354965688e-06
6.780900354902608e-06
-6.644254115776358e-06
5.786444468139329e-06
4.791988581481173e-06
1.1255951845178114e-05
-4.158114398983261e-06
1.311392978023275e-06
-2.0069408586305676e-05
7.77535624158459e-06
2.3189422485771886e-05
-8.135937945828235e-06
7.77535624164276e-06
-2.6664305689026507e-06
2.8030768081466507e-06
-8.135937945805106e-06
2.8030768080120855e-06
3.3003047513669135e-06
-1.459990120933348e-05
-1.2113761492679518e-05
-2.666430568872851e-06
1.3113929779342664e-06
5.786444468204853e-06
8.272584184980067e-06
-8.135937945765151e-06
1.5233775391986995e-05
4.294760638110929e-06
-1.4102673265934844e-05
1.808620921327999e-06
5.289216524925716e-06
-2.6664305687652777e-06
3.300304751429291e-06
-1.1747467388388515e-06
-1.4599901209435808e-05
-2.056663652955502e-05
2.803076808061141e-06
9.764268015271667e-06
-8.135937945834549e-06
1.0261495958419035e-05
2.8030768080064726e-06
-3.163658512283061e-06
-4.655342342337048e-06
-1.3108217379377618e-05
-1.2610989435951297e-05
-1.1747467388574117e-06
5.786444468139329e-06
2.305848864671621e-06
6.780900354858444e-06
7.775356241635054e-06
-1.2113761492685827e-05
-7.141482059117168e-06
3.1693709138123626e-07
-1.2610989436005963e-05
-2.2058320359745335e-05
2.305848864663212e-06
7.775356241703038e-06
-2.0069408586285354e-05
3.7975326948244242e-06
4.294760638096907e-06
1.970882688224216e-05
3.1693709120041055e-07
9.267040071648388e-06
1.8086209213504308e-06
1.274763567521317e-05
-1.3605445322714574e-05
-2.6664305689317345e-06
-1.1747467388195686e-06
8.769812128298806e-06
7.775356241592993e-06
-6.1470261724292325e-06
-4.158114398965395e-06
2.02060548256422e-05
4.791988581506408e-06
1.1753179788516466e-05
-7.638710002493026e-06
-4.655342342338444e-06
-5.152570285715012e-06
1.4736547448656327e-05
-1.3605445322749626e-05
-1.5097129152780131e-05
-1.907495269958444e-05
-7.638710002440457e-06
1.3113929779223514e-06
-8.633165889087398e-06
2.8658929862781238e-05
7.2781282982325594e-06
4.791988581426511e-06
8.769812128338412e-06
2.96533857494853e-05
5.786444468162811e-06
-1.6588812982804674e-05
7.77535624164557e-06
1.2747635675227883e-05
7.77535624162245e-06
-1.1119305605903608e-05
-2.9516739509999843e-05
-1.3605445322729993e-05
2.8030768080793806e-06
-1.0622077662516547e-05
-1.1747467388528627e-06
-1.1616533549246187e-05
-4.6553423423391535e-06
-1.0622077662612216e-05
4.2947606380940966e-06
-1.3108217379369912e-05
1.3113929779545952e-06
-1.9572180642877252e-05
-8.633165889201642e-06
2.305848864633767e-06
-1.1747467388349982e-06
5.289216524831092e-06
7.775356241626656e-06
1.4239319505246137e-05
-1.261098943597232e-05
3.462566518311879e-05
-1.6091585039502055e-05
-3.163658512157594e-06
-1.062207766259855e-05
-7.141482059008174e-06
-2.1561092416384894e-05
2.219496659904084e-05
8.141650345829419e-07
-1.8029085211305947e-07
1.1255951845084893e-05
1.2250407731863942e-05
1.672545922208056e-05
-7.638710002459737e-06
-9.627621775892742e-06
-1.1747467388258864e-06
-1.111930560592674e-05
-1.758326886950242e-05
8.272584184947139e-06
-6.1470261724250295e-06
1.3113929779651096e-06
8.769812128305832e-06
-5.649798229056877e-06
-3.163658512259238e-06
2.3058488646442857e-06
3.3003047513725217e-06
1.9211598938865944e-05
-7.638710002467798e-06
-1.802908520745206e-07
1.1255951845121337e-05
-5.1525702857122e-06
2.219496659915053e-05
-1.2610989436032246e-05
3.1693709130904983e-07
3.300304751358845e-06
1.821714305213105e-05
4.79198858148853e-06
1.374209156188393e-05
-1.310821737937692e-05
-6.6442541157731985e-06
8.141650345997516e-07
-1.0124849719137527e-05
-9.627621775889581e-06
-7.14148205912418e-06
-1.1616533549254947e-05
-1.9074952699590056e-05
-3.163658512203153e-06
1.4239319505265395e-05
-2.404723213314294e-05
-4.655342342287638e-06
1.1753179788450596e-05
-1.7086040926209272e-05
2.2692194542465073e-05
-3.6608864556445456e-06
4.2947606380657176e-06
1.374209156193861e-05
-2.0566636529643694e-05
1.17531797884478e-05
1.3113929779545952e-06
3.300304751420534e-06
-5.649798229002205e-06
5.289216524855993e-06
9.764268015038265e-06
1.871437099552793e-05
-1.1119305605880491e-05
2.4681106315886155e-05
1.8714370995506228e-05
5.2892165247785405e-06
1.125595184515112e-05
1.2250407731826456e-05
-3.1636585122785008e-06
-1.1747467387915376e-06
-1.3108217379346778e-05
-1.8577724756251695e-05
6.283672411546722e-06
-1.174746738743523e-06
1.4736547448632504e-05
-1.41026732660568e-05
-1.4102673266103058e-05
1.7719915108823538e-05
-7.1414820590922855e-06
3.797532694708778e-06
-1.0622077662602756e-05
6.283672411517289e-06
4.791988581424058e-06
-5.152570285693974e-06
4.294760638063613e-06
9.267040071685178e-06
5.786444468184888e-06
-4.158114398954528e-06
-8.135937945812812e-06
3.797532694753637e-06
-5.6497982290298875e-06
-5.152570285676105e-06
-1.7086040926171074e-05
-3.163658512256428e-06
-7.141482059118571e-06
-6.644254115769351e-06
-1.7583268869560243e-05
-2.8522283623107583e-05
3.7975326947235007e-06
2.8658929862771074e-05
-3.6608864555243414e-06
-1.957218064298029e-05
-6.14702617242713e-06
9.267040071748962e-06
-6.775187954815663e-07
-2.106386447304023e-05
-8.633165889199536e-06
8.272584184936627e-06
-1.0622077662593642e-05
1.5731003335369862e-05
4.791988581424058e-06
5.289216524810075e-06
-8.633165889200592e-06
1.5233775392078103e-05
-7.141482059135389e-06
5.786444468171218e-06
-1.41026732660694e-05
-8.13593794581387e-06
-1.2610989436023837e-05
5.786444468186634e-06
2.3058488646726626e-06
2.803076807999468e-06
7.278128298225196e-06
-8.633165889199536e-06
-3.163658512290777e-06
6.780900355180161e-06
-2.4047232133148538e-05
-6.775187954962843e-07
5.786444468184888e-06
-1.2113761492577185e-05
1.0261495958465286e-05
8.769812128363286e-06
-1.9074952699591103e-05
2.3058488646575964e-06
5.786444468136523e-06
2.305848864719972e-06
-2.056663652967874e-05
1.6725459222106857e-05
8.141650345598078e-07
8.272584184940829e-06
-3.6608864556000526e-06
8.141650345640226e-07
6.28367241149836e-06
-9.130393832471676e-06
1.0758723901737417e-05
-1.4102673266048733e-05
1.2747635675162709e-05
5.289216524864393e-06
-8.633165889135763e-06
-2.1692026255807533e-06
-1.1747467388665305e-06
1.1753179788451287e-05
-6.147026172422926e-06
-1.1616533549331693e-05
3.1693709127260486e-07
1.8086209212880438e-06
-2.056663652960759e-05
-2.802505567984633e-05
2.766447397603793e-05
1.8086209213707572e-06
2.803076808084973e-06
-1.9074952699535036e-05
2.8030768079980633e-06
-2.1692026255439625e-06
7.775356241593707e-06
-4.655342342337048e-06
7.278128298218885e-06
-4.6553423422900865e-06
-2.3052776246361086e-05
3.3003047514061616e-06
-3.660886455634747e-06
6.283672411547432e-06
-2.6664305689142064e-06
-1.2113761492679168e-05
-6.1470261723167355e-06
-2.4544460076451516e-05
1.1753179788443586e-05
2.3058488646611044e-06
2.3686650429144592e-05
-1.7086040926178423e-05
-6.644254115764791e-06
7.2781282982385226e-06
-6.147026172393832e-06
-1.2610989436012619e-05
-6.644254115762686e-06
2.803076808011376e-06
-2.666430568898797e-06
4.791988581539006e-06
2.305848864639032e-06
7.775356241608423e-06
1.8217143052179062e-05
8.141650345647205e-07
-8.135937945671934e-06
2.305848864646384e-06
2.305848864637975e-06
6.780900354873173e-06
-1.4599901209328574e-05
-8.135937945800198e-06
-1.907495269961038e-05
8.141650346123712e-07
8.141650345892348e-07
1.3113929779514284e-06
-6.775187954840238e-07
-6.775187953638129e-07
4.791988581433513e-06
7.27812829836712e-06
-1.6719746822231223e-06
1.0758723901792088e-05
-2.169202625497694e-06
8.769812128348226e-06
-3.163658512288672e-06
6.780900354860558e-06
-6.644254115361077e-06
-1.9074952699633163e-05
-1.6719746822210194e-06
1.722268716546905e-05
1.42393195052528e-05
-5.152570285678556e-06
-2.1692026255492187e-06
-7.638710002495833e-06
2.4183878372537285e-05
-2.5041688019848745e-05
-6.147026172423265e-06
-1.6588812982841476e-05
2.12005107123077e-05
-1.6091585039474028e-05
-1.5097129152794145e-05
-1.3605445322749626e-05
1.3742091562022016e-05
-9.627621775749746e-06
1.8086209212722687e-06
1.374209156189446e-05
1.8217143052200086e-05
-7.638710002444311e-06
-1.3605445322661316e-05
-1.360544532274752e-05
-1.671974682210505e-06
-5.649798229055476e-06
-1.3605445322719478e-05
1.8086209213609452e-06
-6.147026172406098e-06
5.2892165250168295e-06
1.808620921325196e-06
-3.6608864556319324e-06
-4.158114399000785e-06
-1.3605445322721584e-05
-7.141482059072667e-06
-6.775187955120504e-07
-1.2610989435984941e-05
-1.609158503951187e-05
2.305848864632375e-06
1.4736547448684019e-05
1.3742091561900062e-05
-3.163658512283759e-06
3.3003047515831326e-06
1.8217143052193072e-05
-6.775187953932558e-07
8.141650346456653e-07
3.797532694753637e-06
1.0261495958458976e-05
-1.261098943592746e-05
-8.63316588915538e-06
8.76981212829671e-06
1.3244863618575716e-05
2.4183878372476312e-05
7.775356241692523e-06
-2.1692026255071585e-06
-3.1636585122949806e-06
4.791988581472061e-06
-1.8029085212637936e-07
1.5731003335437828e-05
-1.211376149268723e-05
-8.135937945848564e-06
-5.649798229028146e-06
1.3113929779318179e-06
-1.7086040926220487e-05
2.8030768080520227e-06
-4.655342342230511e-06
-1.6719746822150472e-06
-5.649798229054772e-06
1.3113929779742125e-06
-4.158114398928595e-06
4.2947606380608116e-06
-3.6608864556476986e-06
-6.775187954913715e-07
-4.1581143990018375e-06
-1.3108217379388833e-05
1.4239319505326368e-05
-1.802908521389877e-07
2.0703282768990726e-05
-1.8029085214108835e-07
1.3113929779426802e-06
-9.62762177576481e-06
3.1693709121654256e-07
1.9708826882219724e-05
-1.8029085210954937e-07
3.797532694715796e-06
-6.775187954997854e-07
-1.4102673266094642e-05
-9.627621775913765e-06
1.5233775391966309e-05
1.5233775391991196e-05
-1.8029085215441953e-07
-4.655342342275362e-06
2.803076808011376e-06
-7.1414820591343415e-06
-2.1692026255190758e-06
2.803076807997372e-06
7.775356241576176e-06
-5.152570285706601e-06
-2.1692026255695475e-06
-1.161653354922795e-05
-1.4102673265975836e-05
1.225040773181943e-05
-7.63871000249092e-06
-6.147026172317092e-06
3.3003047513598954e-06
-1.1747467388651346e-06
-6.6442541157731985e-06
1.7719915108794786e-05
1.0261495958442869e-05
-5.152570285712212e-06
-2.106386447300728e-05
1.3113929779496824e-06
5.289216524819545e-06
-1.3605445322697406e-05
-6.6442541157577774e-06
-2.1692026255681427e-06
1.8217143052162938e-05
-5.649798229019016e-06
-2.169202625475617e-06
-8.633165889192182e-06
-9.627621775913064e-06
8.141650345755739e-07
-1.0124849719178173e-05
-1.4599901209294225e-05
-1.06220776626052e-05
-1.4599901209455435e-05
2.219496659904086e-05
7.278128298216784e-06
1.8086209213006523e-06
9.267040071701306e-06
6.7809003549670905e-06
-7.1414820590144855e-06
3.3003047513549982e-06
-9.627621775821242e-06
1.7222687165444875e-05
-1.2610989436034699e-05
7.775356241613681e-06
1.3244863618627575e-05
-1.7583268869409556e-05
-1.3108217379376214e-05
-1.2610989436001055e-05
-6.775187955092383e-07
-2.0069408586331612e-05
-8.63316588905481e-06
1.3113929779251524e-06
-3.163658512126771e-06
6.780900354937656e-06
6.780900354956571e-06
-4.1581143988522015e-06
2.3058488646337757e-06
-1.1119305605970197e-05
3.7975326948076077e-06
-2.666430568870759e-06
-1.5097129152754897e-05
6.780900354867924e-06
-6.147026172405396e-06
-1.111930560597546e-05
-1.2610989436019976e-05
-8.1359379458349e-06
8.272584185022132e-06
6.283672411557935e-06
-2.66643056893208e-06
-1.1747467388679353e-06
1.7719915108790934e-05
2.3058488646554915e-06
1.8086209213118692e-06
-2.2555548302946317e-05
1.8086209212722687e-06
-1.6719746822091023e-06
-1.174746738859517e-06
-1.3605445322732453e-05
-3.660886455647712e-06
-2.0069408586335813e-05
8.27258418498184e-06
-1.2610989435890307e-05
-1.3605445322706165e-05
-1.31082173793671e-05
-1.0124849719174687e-05
1.8086209213507673e-06
-5.6497982290274345e-06
2.305848864667411e-06
-1.4102673266102355e-05
1.4736547448611123e-05
5.786444468154399e-06
-1.0124849719267901e-05
-1.671974682142512e-06
4.791988581423701e-06
7.278128298209791e-06
3.797532694705277e-06
-1.161653354933029e-05
-5.649798229043555e-06
3.169370912032295e-07
2.803076808065345e-06
-6.644254115764082e-06
-1.8029085212988946e-07
-1.6719746821341093e-06
3.1693709123336124e-07
-3.1636585122767593e-06
3.169370912582414e-07
-8.633165889200592e-06
-1.708604092608696e-05
-4.655342342285182e-06
5.786444468201713e-06
-7.141482059058644e-06
-9.62762177586961e-06
2.8030768080022667e-06
-3.660886455647355e-06
-1.9074952699612482e-05
-8.135937945819826e-06
3.169370913202691e-07
-2.666430568933842e-06
4.791988581520423e-06
1.311392977961595e-06
-1.4599901209452632e-05
5.289216524780636e-06
5.289216524861592e-06
1.0261495958379787e-05
-4.158114398925788e-06
1.8086209213199353e-06
-6.775187954756077e-07
-1.8080496812917187e-05
1.2747635675179871e-05
-6.77518795260782e-07
-9.627621775889923e-06
-2.056663652967593e-05
1.4239319505301142e-05
-1.4102673266098852e-05
-8.633165889192182e-06
1.0261495958379077e-05
9.764268015070496e-06
-1.0124849719195703e-05
1.0758723901728643e-05
-2.3550004189793362e-05
1.8086209212838472e-06
-4.158114398996582e-06
-9.627621775910611e-06
-3.1636585121337666e-06
-6.775187954700015e-07
9.267040071680279e-06
8.141650346302493e-07
3.7975326947567903e-06
-2.1692026255733943e-06
-1.360544532273701e-05
1.0261495958420078e-05
-1.7086040926217333e-05
-8.135937945807208e-06
-2.1692026255660353e-06
1.2747635675247168e-05
8.141650345867932e-07
-1.4599901209360107e-05
-6.6442541157837085e-06
-3.66088645558463e-06
4.294760638091649e-06
-1.3108217379392334e-05
1.1255951845116431e-05
-5.152570285690123e-06
-7.141482059136446e-06
7.27812829829178e-06
-2.6664305689352285e-06
7.775356241574076e-06
-7.141482059132243e-06
-8.63316588912455e-06
-1.3605445322620303e-05
-5.152570285523669e-06
5.7864444682132695e-06
-6.147026172401902e-06
3.169370912116388e-07
2.169773865571931e-05
-2.8522283623261784e-05
-7.141482059057244e-06
-2.006940858627203e-05
5.289216524780636e-06
8.272584184934517e-06
-2.305277624642731e-05
-1.671974682010413e-06
-1.559435709599512e-05
-5.15257028567716e-06
2.803076807999468e-06
-2.169202625556928e-06
8.14165034640407e-07
-6.775187954724545e-07
-9.13039383254141e-06
-2.1692026255439625e-06
1.0758723901741984e-05
1.026149595839591e-05
3.7975326947235007e-06
-1.1119305605975105e-05
1.1255951845209996e-05
1.1255951845092255e-05
-1.802908520689031e-07
-7.638710002301679e-06
3.169370912256476e-07
8.141650346008019e-07
-3.6608864555779662e-06
5.78644446822063e-06
3.797532694714739e-06
-1.8029085215336921e-07
-3.94612983769854e-05
6.283672411535164e-06
1.0758723901871623e-05
8.769812128310733e-06
-7.1414820591381904e-06
-8.633165889085998e-06
-5.1525702855681636e-06
8.76981212829671e-06
-1.6719746822136512e-06
1.2250407731849573e-05
-4.655342342348261e-06
4.791988581477312e-06
-4.655342342340554e-06
8.769812128302313e-06
5.7864444681631565e-06
1.3113929779966396e-06
1.1753179788461809e-05
1.0758723901728654e-05
-1.609158503947682e-05
-6.775187954913715e-07
3.7975326947066867e-06
-9.130393832543157e-06
-1.2113761492676715e-05
-1.7583268869526606e-05
-1.1747467388370897e-06
1.1255951845091895e-05
5.289216524804471e-06
-2.553891596320113e-05
-1.211376149265954e-05
-4.1581143989727496e-06
7.278128298247627e-06
-2.169202625468617e-06
2.8030768079984267e-06
8.141650346880655e-07
-1.1747467386948176e-06
-1.4599901209323664e-05
-1.174746738857073e-06
-4.158114399000087e-06
6.780900354902957e-06
-5.649798229064584e-06
-6.1470261723952385e-06
1.311392977957046e-06
8.769812128422512e-06
6.283672411501175e-06
4.7919885814496364e-06
-8.13593794582929e-06
8.141650345682171e-07
9.764268015215578e-06
1.4736547448610784e-05
-6.644254115764796e-06
1.871437099557349e-05
-1.758326886957217e-05
9.267040071667673e-06
-9.627621775894843e-06
3.300304751445764e-06
3.300304751347994e-06
-5.649798228993097e-06
-1.2610989436037501e-05
-1.1119305605974058e-05
2.305848864714361e-06
-7.141482059141344e-06
-2.205832035974288e-05
-1.1119305605920446e-05
5.786444468146331e-06
-9.130393832550868e-06
-3.7472386603504746e-05
8.141650346172728e-07
2.305848864646393e-06
1.921159893886526e-05
-7.141482059022195e-06
-4.158114398977657e-06
-4.158114398938755e-06
6.780900354856705e-06
-6.14702617229956e-06
-6.644254115692249e-06
-1.1119305605959694e-05
1.125595184509611e-05
-2.1692026254654594e-06
3.7975326948517504e-06
-2.5041688019813698e-05
-2.666430568919824e-06
-7.63871000239805e-06
-1.1747467388581211e-06
-4.655342342349313e-06
-8.135937945807208e-06
-1.4599901209414785e-05
-2.66643056891071e-06
-5.152570285625642e-06
3.3003047513606115e-06
-7.638710002268033e-06
7.775356241598603e-06
3.300304751381279e-06
-1.0622077662623077e-05
6.780900354860915e-06
3.300304751355005e-06
9.267040071668365e-06
-6.775187955067943e-07
-3.598070277352926e-05
-2.6036143906553157e-05
3.3003047513535934e-06
1.0261495958436558e-05
-1.70860409261525e-05
1.3113929779272598e-06
-5.649798228925808e-06
-1.1119305605967044e-05
-6.644254115695398e-06
-1.3605445322675324e-05
-1.658881298278575e-05
