4.067238806663532
4.067227867699947
4.067240298340386
4.067226873248711
4.06724377891971
4.067239801114769
4.067237314986681
4.067216431510741
4.067242287242857
4.067250740078356
4.067237812212298
4.06724576782218
4.067220906541299
4.067249248401503
4.067241790017239
4.067246762273416
4.067239801114769
4.067230353828034
4.0672417900172375
4.067237812212299
4.067224387120622
4.067250740078356
4.0672283649255645
4.067222398218152
4.067230851053652
4.067226873248711
4.067247259499034
4.06721842041321
4.067260684590708
4.067254717883296
4.067232839956122
4.06722289544377
4.067256706785767
4.06724377891971
4.067237314986681
4.067239801114769
4.067230851053652
4.067248751175884
4.067224387120622
4.067236817761063
4.067236320535446
4.067241790017239
4.067225381571859
4.067251734529588
4.067250740078356
4.067256706785767
4.067223392669388
4.067246762273416
4.0672278676999465
4.067240795566004
4.067254717883295
4.067220409315681
4.067226376023094
4.0672567067857655
4.067236817761062
4.0672572040113835
4.067252728980827
4.067255712334532
4.067247259499033
4.067230353828034
4.067224387120622
4.067227867699946
4.0672427844684735
4.067229359376799
4.067253226206444
4.067244773370945
4.067256706785766
4.0672512373039735
4.067254717883296
4.06724377891971
4.067250242852738
4.067258198462619
4.067261181816324
4.067267645749354
4.067221900992535
4.067269634651824
4.0672731152311465
4.067232342730505
4.067269634651823
4.067246762273416
4.067258695688236
4.067233834407358
4.067252728980826
4.067249248401503
4.067241790017239
4.067254717883297
4.067254220657678
4.0672502428527375
4.067224387120621
4.067266651298117
4.067254717883297
4.067244773370944
4.067253226206444
4.067244773370945
4.067248253950268
4.067248253950267
4.067275104133617
4.067263667944412
4.0672586956882375
4.067246762273416
4.0672507400783555
4.067254717883295
4.067263667944412
4.0672502428527375
4.067269634651823
4.067266651298119
4.06726416517003
4.067263667944411
4.067267148523736
4.067275104133617
4.067274109682382
4.067246265047797
4.067257701237001
4.067253226206444
4.067257701237003
4.067282065292263
4.067272120779912
4.0672651596212654
4.067259690139472
4.067238806663533
4.0672427844684735
4.067282065292262
4.067275104133618
4.067254220657678
4.067285048645968
4.067248751175884
4.067264165170029
4.0672497456271195
4.067267645749355
4.0672577012370015
4.067253226206444
4.067276098584849
4.067259192913854
4.067243778919708
4.06726416517003
4.067279081938556
4.067247259499031
4.06724725949903
4.067235823309826
4.067256209560149
4.067243778919706
4.067236320535446
4.067239801114769
4.067238806663532
4.067238309437914
4.067269634651823
4.067259192913855
4.067261181816323
4.067248751175884
4.067223392669386
4.067238806663533
4.067237314986678
4.067253226206443
4.067232839956122
4.067252728980823
4.067266651298119
4.067262176267559
4.067240795566003
4.067228862151182
4.067266154072497
4.06724775672465
4.067259690139472
4.067258198462619
4.067267148523735
4.067254220657679
4.067243281694092
4.067254220657678
4.0672273704743285
4.067235823309827
4.0672502428527375
4.067236817761063
4.067260187365087
4.06723532608421
4.067246762273414
4.067261181816324
4.067237812212298
4.067246265047798
4.067255712334531
4.0672417900172375
4.067230353828035
4.067240795566003
4.06723532608421
4.0672497456271195
4.067225381571858
4.067232839956122
4.067238309437915
4.06723134827927
4.067218917638829
4.067230851053648
4.067232342730504
4.067241790017239
4.067212950931416
4.067233834407356
4.0672333371817375
4.067234331632974
4.067237812212298
4.067243281694092
4.067213448157035
4.067221900992534
4.067221403766918
4.067226873248711
4.06721444260827
4.067221900992533
4.067229359376798
4.067230353828034
4.06723731498668
4.067218420413211
4.067232342730503
4.067232342730505
4.0672263760230924
4.067218420413211
4.067206486998388
4.067229359376799
4.067225381571856
4.067220906541299
4.067222895443769
4.067224387120621
4.06721444260827
4.067243778919708
4.06721444260827
4.06721991209006
4.06723532608421
4.0672343316329735
4.067217923187594
4.067215934285124
4.067212453705799
4.067204498095918
4.067217923187593
4.067246265047797
4.067218420413211
4.067237314986681
4.067228364925563
4.067204498095916
4.067232342730504
4.067249248401501
4.067236817761063
4.067239801114767
4.0672030064190645
4.067212950931417
4.0672268732487105
4.067206486998386
4.067231348279268
4.067213945382651
4.067225878797475
4.067218420413212
4.067206486998388
4.067232839956122
4.067188586876152
4.067213448157035
4.067224884346239
4.06722886215118
4.067207481449622
4.067204498095918
4.06719306190671
4.0672040008703005
4.0672114592545645
4.067200023065358
4.067217425961975
4.067231845504886
4.06723333718174
4.0672040008703
4.067221900992532
4.067215437059506
4.067191073004241
4.06719107300424
4.067204498095918
4.067200023065358
4.067212950931417
4.067221900992535
4.0671920674554745
4.0672020119678285
4.067205492547151
4.067182620168739
4.067212950931417
4.067215934285122
4.067211956480182
4.067197039711652
4.067199525839741
4.067213945382652
4.067206984224005
4.067216928736357
4.067197536937271
4.067202011967829
4.067200023065357
4.0671935591323285
4.067201017516593
4.067207481449622
4.067200023065358
4.067200520290975
4.067225878797475
4.067222895443769
4.067210962028947
4.0672114592545645
4.067219912090063
4.067223889895004
4.067217425961975
4.067213448157035
4.067198531388505
4.067199028614122
4.067219912090064
4.06720598977277
4.067209470352094
4.0672124537058
4.06721643151074
4.067188089650535
4.067206984224004
4.06720598977277
4.067206984224002
4.067207978675241
4.0672124537058
4.067207481449621
4.067203006419063
4.0672104648033285
4.0671930619067105
4.067204498095918
4.067216928736358
4.067198531388505
4.067211956480182
4.067198034162888
4.067234331632974
4.06721643151074
4.0672020119678285
4.067224387120622
4.067217425961976
4.067208973126475
4.06721643151074
4.0672124537058005
4.0672025091934465
4.067201017516594
4.067216431510739
4.067186597973682
4.06719952583974
4.067201514742211
4.067194056357946
4.0672184204132105
4.067202509193446
4.067223889895005
4.0672094703520925
4.0671940563579465
4.067198034162886
4.067208475900858
4.067222398218153
4.067216431510738
4.0672104648033285
4.067200023065358
4.0672010175165925
4.067201514742212
4.067198531388505
4.067188089650533
4.067201514742211
4.067204498095917
4.067187592424917
4.067201017516593
4.067200023065357
4.067211459254564
4.067207481449624
4.067207481449622
4.067190575778622
4.067189581327388
4.067206486998386
4.067204498095918
4.067204498095916
4.067218420413208
4.067194553583563
4.067189581327388
4.067203503644682
4.067215437059504
4.067188089650534
4.067199028614123
4.0672015147422105
4.067197536937271
4.067202509193445
4.06720797867524
4.067189581327388
4.067216928736358
4.067199028614123
4.067207481449624
4.067200520290975
4.067206984224006
4.0672124537058
4.067206984224005
4.067215437059505
4.067213448157035
4.067206984224005
4.067214442608271
4.067216928736358
4.067185603522445
4.067215437059506
4.067203503644682
4.067192564681093
4.067196045260417
4.0672184204132105
4.0672025091934465
4.067208973126476
4.067209967577712
4.067190078553004
4.067187592424916
4.067187592424916
4.067198034162886
4.067200520290976
4.067208475900858
4.067204995321533
4.067204498095917
4.067198034162888
4.067210962028946
4.067201514742211
4.067170189528298
4.06721643151074
4.067206486998388
4.0672184204132105
4.067196045260417
4.067188586876152
4.067208475900858
4.067220409315681
4.067198034162887
4.067195050809182
4.06720598977277
4.067201017516594
4.067196045260417
4.0672094703520925
4.067188089650534
4.067204000870299
4.067197039711652
4.067200520290975
4.067207978675241
4.067204000870299
4.067200520290975
4.067194056357946
4.067200023065359
4.0672005202909745
4.067185106296827
4.067183117394357
4.067191073004239
4.067205492547152
4.067204995321534
4.067198531388503
4.067202011967829
4.06721643151074
4.067181128491886
4.067189084101769
4.067205989772769
4.06721444260827
4.067220409315682
4.067196045260416
4.06721842041321
4.067170189528298
4.06719505080918
4.067217425961975
4.067209967577711
4.0672194148644465
4.067204498095918
4.0672124537058
4.067213448157035
4.0672040008703005
4.067214442608269
4.067219414864447
4.0671920674554745
4.06721643151074
4.067199525839741
4.067179636815034
4.067230353828034
4.067218420413211
4.067213945382654
4.067216928736358
4.067224387120624
4.067221900992535
4.0672194148644465
4.0672278676999465
4.067220409315682
4.067216928736356
4.067224387120622
4.067222895443768
4.067201514742211
4.067216928736358
4.067205492547153
4.067203006419064
4.067213448157034
4.067229856602417
4.067217923187593
4.067212950931418
4.067204000870299
4.067205989772771
4.067206984224005
4.067213945382652
4.067233337181739
4.067199028614123
4.067202509193447
4.067223392669388
4.067216431510739
4.0672273704743285
4.067216431510741
4.067212950931417
4.067194553583564
4.06721643151074
4.0672199120900645
4.067215437059506
4.067237314986682
4.0672119564801825
4.067199525839741
4.067220409315682
4.067205492547153
4.0672030064190645
4.067189581327387
4.067206486998388
4.067204995321535
4.067208475900857
4.067221900992535
4.067224387120622
4.067221403766918
4.0672114592545645
4.067208973126476
4.067215934285123
4.067206486998388
4.067216928736358
4.067231845504888
4.067208973126477
4.067207481449623
4.067205492547152
4.067208475900858
4.067218917638828
4.067223889895005
4.067221900992535
4.067206486998388
4.067200023065359
4.067223889895005
4.067221403766916
4.067231348279269
4.067204995321535
4.06722289544377
4.067224884346239
4.067225381571858
4.067218420413211
4.067237812212298
4.067225878797474
4.067219414864447
4.067229359376799
4.06723134827927
4.06721643151074
4.067223889895004
4.067229359376799
4.0672114592545645
4.067218917638829
4.067214442608271
4.067225381571858
4.067215437059506
4.067208475900859
4.067215437059506
4.067210962028947
4.067211956480182
4.067231845504888
4.067186597973681
4.0672268732487105
4.067213945382654
4.067229856602417
4.06722289544377
4.067223392669388
4.067211956480182
4.067213448157035
4.067210962028947
4.0672363205354465
4.067236320535446
4.067200520290977
4.067215437059506
4.067211459254565
4.067215934285123
4.067224387120623
4.067218420413211
4.06723532608421
4.067223889895005
4.067236817761063
4.067223889895005
4.067217425961976
4.067213945382652
4.067209470352093
4.067224387120621
4.067212950931418
4.067200520290975
4.0672089731264744
4.067220409315682
4.067225381571858
4.067225381571856
4.067212950931418
4.067217425961975
4.067227867699946
4.067214939833888
4.067205492547152
4.067213448157035
4.067204498095918
4.067220906541298
4.067232342730505
4.06724377891971
4.067210962028946
4.067223392669388
4.067212950931415
4.067223392669388
4.067214939833886
4.0672293593768
4.0672358233098285
4.067217425961976
4.067214442608269
4.067233834407357
4.067223889895005
4.067213945382653
4.067244276145328
4.067221900992535
4.06722488434624
4.067212950931418
4.06723333718174
4.067221403766918
4.067217923187594
4.067232839956122
4.067239801114769
4.067225381571856
4.067241790017239
4.067201017516594
4.067206984224005
4.067244773370945
4.067221900992535
4.067204498095918
4.067224387120624
4.067223392669388
4.067212453705799
4.067209967577711
4.067207481449624
4.067223889895005
4.0672179231875925
4.067224387120622
4.067213945382653
4.067220409315682
4.067232839956122
4.067255215108914
4.067217425961975
4.0671945535835645
4.06721444260827
4.067236320535446
4.0672124537058
4.067208973126476
4.06720598977277
4.0672035036446825
4.067215934285123
4.067224884346241
4.067197536937271
4.067218420413211
4.067229856602417
4.067220906541299
4.067234331632975
4.067223392669387
4.0672194148644465
4.0672194148644465
4.067242287242856
4.067230353828034
4.067234331632974
4.067215437059506
4.067214442608271
4.067230851053652
4.06723333718174
4.067236320535446
4.067208973126476
4.06724576782218
4.067241292791622
4.067236320535446
4.067230353828035
4.067226376023093
4.067225878797475
4.067221403766918
4.067222398218153
4.067206486998388
4.067208973126475
4.0672199120900645
4.067229856602417
4.067227867699946
4.067229856602417
4.067234331632975
4.067233834407357
4.067230353828034
4.067227867699945
4.067243281694092
4.067225878797475
4.0672189176388285
4.06723333718174
4.067217425961975
4.067239801114769
4.06724775672465
4.067242784468474
4.067233834407357
4.067239303889152
4.067220409315682
4.067225381571858
4.067222398218152
4.0672586956882375
4.0672273704743285
4.067233834407357
4.067216431510739
4.067234331632974
4.067207978675241
4.067234331632975
4.0672268732487105
4.067229359376799
4.067246265047797
4.067208973126477
4.067237812212298
4.067250740078356
4.067240298340386
4.067244276145327
4.06724377891971
4.067224387120623
4.067230851053651
4.067237314986682
4.067246762273416
4.067223889895005
4.067262673493178
4.067225878797475
4.0672199120900645
4.067215437059505
4.067238806663533
4.067230851053652
4.067204498095918
4.067243778919709
4.067224884346239
4.067240298340386
4.0672040008703
4.067234331632975
4.06724129279162
4.067220409315682
4.067239801114769
4.06723731498668
4.067233834407358
4.06725819846262
4.067245767822179
4.067234331632975
4.067205492547154
4.067238806663533
4.067218420413211
4.067244276145327
4.067219912090064
4.067231348279269
4.067237314986682
4.067218420413211
4.067241790017239
4.067228862151182
4.067238806663533
4.067225878797476
4.06724377891971
4.067247259499033
4.067248253950268
4.06723930388915
4.067237314986681
4.067236320535446
4.067225381571858
4.067233834407358
4.06722488434624
4.067243281694092
4.067228364925564
4.067222398218153
4.067232342730505
4.0672209065413
4.067228862151182
4.067231348279269
4.067223889895005
4.067226376023093
4.067224387120622
4.067248253950267
4.067244773370945
4.067248751175886
4.067250740078356
4.067263170718795
4.067231845504886
4.06724576782218
4.0672194148644465
4.067216431510741
4.067232342730505
4.067241790017238
4.0672437789197105
4.067224387120622
4.067242784468474
4.06724974562712
4.067246762273414
4.067230353828035
4.06724129279162
4.067224387120624
4.067247259499033
4.067238309437916
4.067236817761064
4.067238309437916
4.067229359376799
4.0672586956882375
4.067260684590708
4.06724576782218
4.067239303889152
4.067236817761064
4.06724576782218
4.067239303889152
4.067241790017239
4.067232839956122
4.067250740078356
4.067248253950268
4.067242784468474
4.067248253950268
4.067242287242856
4.067231348279269
4.067237314986682
4.067240298340386
4.06723980111477
4.067251734529591
4.067267148523736
4.067272120779911
4.067276595810469
4.067241292791621
4.067244276145328
4.06726018736509
4.067243281694092
4.067252231755206
4.06725819846262
4.067231845504886
4.067239801114769
4.0672427844684735
4.067255215108914
4.067248751175886
4.067248751175885
4.067246265047797
4.067268640200589
4.067262673493178
4.06725819846262
4.067228364925563
4.06725620956015
4.06724974562712
4.067245270596563
4.067255215108914
4.067232839956122
4.067243281694092
4.0672502428527375
4.067272618005529
4.067257701237003
4.067244276145327
4.067224387120622
4.067268640200587
4.067233337181739
4.067244773370945
4.067228862151182
4.067266651298119
4.067244276145327
4.067261181816325
4.067239303889152
4.067239801114769
4.067266651298119
4.067253226206444
4.0672427844684735
4.067266154072499
4.067247756724651
4.067246265047798
4.067250740078355
4.067236320535446
4.067271623554294
4.067261181816325
4.067239801114769
4.067254717883295
4.067252728980827
4.067253226206444
4.06724974562712
4.067259192913855
4.067263667944413
4.067261679041942
4.067233834407357
4.067239801114769
4.067236817761062
4.067247259499033
4.067242287242856
4.06723333718174
4.067238806663535
4.0672577012370015
4.067237314986681
4.067263667944413
4.067276098584851
4.067252231755209
4.067252728980826
4.067253226206443
4.067246265047797
4.067247259499033
4.0672497456271195
4.067244773370943
4.067263170718796
4.0672581984626195
4.067259690139473
4.067249248401503
4.067267645749353
4.067267645749354
4.067259690139473
4.067255215108915
4.067254717883297
4.067270131877442
4.067260187365091
4.0672731152311465
4.0672586956882375
4.067253723432061
4.067255215108911
4.067261679041942
4.0672661540725015
4.067270629103059
4.067271126328676
4.067254717883297
4.0672721207799105
4.067270629103059
4.0672870375484385
4.067264662395648
4.067271623554293
4.067229359376799
4.067267645749354
4.067263170718796
4.0672731152311465
4.067257204011384
4.067255215108914
4.0672661540725015
4.067253723432061
4.067252728980826
4.0672502428527375
4.067283059743498
4.067246762273414
4.067250242852739
4.06725819846262
4.0672512373039735
4.067270629103057
4.067267645749353
4.0672711263286745
4.067267148523737
4.067273115231146
4.067274606908
4.067265656846881
4.067284054194732
4.067276595810469
4.06727659581047
4.06724576782218
4.0672711263286745
4.067274109682381
4.067264165170029
4.067284054194733
4.067253226206444
4.067272120779911
4.067286043097202
4.067279579164175
4.06728057361541
4.067269137426206
4.067268640200589
4.067285545871585
4.067292507030231
4.067272618005528
4.067270629103057
4.067270629103059
4.067270131877441
4.067263170718796
4.0672721207799105
4.067296484835168
4.067283556969116
4.067265656846883
4.067275104133617
4.067283059743498
4.067297479286407
4.067287534774056
4.067279081938557
4.067295987609554
4.067296484835171
4.067266651298119
4.0672785847129385
4.067277590261706
4.067293501481465
4.067283556969115
4.067273115231146
4.067293998707082
4.067275104133616
4.067278087487321
4.0672800763897925
4.067264662395647
4.067282562517879
4.0672726180055285
4.06728057361541
4.0672577012370015
4.067261679041942
4.067285545871584
4.067263667944411
4.067274606908
4.067275601359234
4.067272120779911
4.067277590261704
4.0672805736154105
4.067277093036087
4.067268640200589
4.067260187365087
4.067262176267559
4.067273612456764
4.067265159621265
4.067265656846884
4.067262176267561
4.067256209560149
4.067270131877442
4.067256706785767
4.067291512578996
4.067266651298119
4.067286043097202
4.067291512578994
4.067286043097202
4.067297479286407
4.067273612456764
4.067285048645966
4.067267645749353
4.067271126328675
4.067281070841028
4.067293004255847
4.067285545871585
4.067296982060788
4.067283059743498
4.067273612456764
4.067283556969116
4.067294993158319
4.067319357213576
4.067290518127762
4.067297976512024
4.067303943219432
4.067310904378079
4.067300959865729
4.0673054348962845
4.067281070841027
4.067303943219433
4.067303943219434
4.0672795791641745
4.067293004255849
4.0672939987070835
4.067294495932701
4.067306926573139
4.067284054194732
4.067323335018515
4.067301954316964
4.06729847373764
4.067312396054931
4.067308418249993
4.067310904378076
4.067307921024374
4.067291512578996
4.067302948768199
4.0673069265731385
4.067281568066645
4.067295987609554
4.067308418249991
4.067304440445052
4.067296982060789
4.067291015353378
4.067323335018517
4.067293004255849
4.067329301725926
4.067302451542582
4.067313390506167
4.067294495932701
4.067295987609554
4.067304937670669
4.067316871085489
4.067292507030231
4.067312396054931
4.067298473737641
4.067288031999673
4.0673203516648115
4.067291512578996
4.067304937670667
4.0673074237987565
4.067277093036087
4.067301954316964
4.067303445993816
4.067335765658952
4.067321843341665
4.067284054194733
4.067299468188876
4.067298473737641
4.06731289328055
4.0673263183722215
4.067296982060789
4.067302451542581
4.067306926573138
4.067298473737639
4.067304937670669
4.067333279530867
4.067334273982102
4.067299468188876
4.0673069265731385
4.067313887731782
4.067315379408636
4.067334273982101
4.067331787854013
4.067315876634254
4.067294495932701
4.067319357213576
4.067323335018515
4.067331787854013
4.0673069265731385
4.067315379408636
4.067318362762342
4.067316373859868
4.067324826695368
4.067322837792899
4.0673263183722215
4.067338749012658
4.06731289328055
4.067350682427478
4.067363610293531
4.06732432946975
4.067307921024374
4.067301457091347
4.067317368311106
4.067292507030231
4.067288031999672
4.067307921024374
4.067308418249993
4.067332782305249
4.067319854439194
4.067311401603695
4.067316373859872
4.067328804500307
4.067332782305249
4.067323335018515
4.067323832244135
4.067351676878712
4.067306429347522
4.067335765658953
4.0673377545614215
4.067301457091344
4.067321843341663
4.067311898829314
4.067315876634253
4.0673074237987565
4.067303445993814
4.0673074237987565
4.0673198544391935
4.067319854439194
4.0673203516648115
4.067316373859872
4.067323335018517
4.067331290628396
4.067317865536723
4.067325821146603
4.067315379408637
4.067332782305248
4.067333776756484
4.067309909926844
4.067304440445051
4.06734421849445
4.0673123960549304
4.067318859987959
4.067330793402777
4.0673198544391935
4.067323832244134
4.067301954316961
4.067323832244132
4.0673208488904296
4.067315876634255
4.067334771207719
4.067324826695369
4.067312893280549
4.067310407152461
4.067329798951544
4.067328804500307
4.067334771207718
4.067319357213575
4.0673263183722215
4.0673203516648115
4.067335268433335
4.0673322850796305
4.067316373859871
4.067313887731783
4.067323335018516
4.067322340567281
4.067327810049075
4.067319357213575
4.067337754561422
4.067349687976243
4.0673312906283945
4.067339246238274
4.067334771207718
4.067322837792898
4.0673138877317845
4.067336760110188
4.067331290628396
4.067311898829314
4.067321346116047
4.067323335018515
4.0673387490126585
4.067318859987959
4.067321843341664
4.067326815597839
4.067326815597838
4.067303445993816
4.067320351664812
4.067311401603696
4.067296484835169
4.067317368311106
4.067324329469752
4.0673123960549304
4.067334771207719
4.0673208488904296
4.0672994681888754
4.067323832244134
4.067314384957402
4.0673079210243746
4.067313887731783
4.067304937670669
4.067315876634254
4.0673064293475205
4.067299468188877
4.067322837792899
4.067312396054931
4.067316373859873
4.06731090437808
4.067323832244134
4.067315876634254
4.0673258211466035
4.067324329469751
4.067297976512024
4.06733079340278
4.0673332795308665
4.067318362762342
4.067323832244134
4.067323335018517
4.06732482669537
4.067325821146604
4.0673208488904296
4.067324329469752
4.067329798951545
4.067304937670667
4.067310904378079
4.067323335018517
4.067340240689512
4.067308418249992
4.067323335018517
4.0673069265731385
4.067309412701225
4.06730891547561
4.067314384957402
4.067310904378079
4.067330793402779
4.067315876634255
4.0673188599879575
4.0672939987070835
4.067312396054931
4.067311898829314
4.067318859987959
4.067317368311106
4.067316871085489
4.067310407152461
4.067313390506167
4.067307921024374
4.067317368311106
4.067306926573138
4.067305932121903
4.067315379408637
4.067303943219433
4.067303445993816
4.067290020902143
4.067323832244134
4.06732880450031
4.067309909926844
4.067311898829314
4.067295490383937
4.0673263183722215
4.067335268433337
4.067318362762341
4.067316871085489
4.067317368311108
4.067322340567283
4.067328307274692
4.067317368311108
4.067313390506167
4.067325323920986
4.06731488218302
4.067316871085489
4.067318362762342
4.067305434896287
4.067325323920987
4.067293501481466
4.067294993158317
4.067310904378079
4.067309412701227
4.06731289328055
4.067294993158318
4.067287534774056
4.067285545871585
4.067300959865729
4.067312893280549
4.067291512578996
4.067297976512024
4.067312396054931
4.067330296177162
4.067331787854015
4.067310407152461
4.067298473737641
4.067293998707082
4.067317368311105
4.067289026450909
4.067296484835171
4.067322837792898
4.067308915475608
4.0672944959327
4.067275601359234
4.0672949931583195
4.067301457091347
4.0673004626401115
4.0672939987070835
4.067304937670669
4.067309909926845
4.067306429347522
4.06729051812776
4.067317368311106
4.067323335018517
4.067308418249992
4.067307921024373
4.067317865536722
4.067317865536725
4.0673074237987565
4.0673208488904296
4.067290020902144
4.067311898829314
4.067311898829314
4.067312396054931
4.067299965414494
4.067296484835171
4.0673138877317845
4.06727659581047
4.067314384957402
4.067293998707082
4.0673208488904296
4.067288529225291
4.0672875347740565
4.067292507030231
4.067295987609554
4.06731090437808
4.067309412701226
4.067289523676526
4.067282562517878
4.06728852922529
4.067295987609554
4.0672870375484385
4.067311898829314
4.067297976512023
4.06729250703023
4.0672805736154105
4.067298970963258
4.067277590261706
4.067300959865729
4.067294495932701
4.06730444044505
4.067303445993816
4.067300959865729
4.0672989709632565
4.067291512578995
4.067298970963257
4.067304440445051
4.067297976512023
4.0672949931583195
4.067316373859872
4.06729698206079
4.067297479286407
4.067322837792899
4.067290020902143
4.067321843341664
4.067319357213576
4.0673079210243746
4.067283556969115
4.067287534774056
4.067302948768199
4.067308418249993
4.067298473737641
4.067298970963258
4.06728654032282
4.06728852922529
4.067307423798756
4.067297479286406
4.067272120779912
4.067288031999673
4.067281568066645
4.067291512578994
4.067273612456764
4.067275601359235
4.067295490383937
4.067273612456764
4.06728455142035
4.067295490383937
4.067293501481466
4.06729847373764
4.067288031999674
4.06729250703023
4.067295490383935
4.067285048645968
4.0672805736154105
4.067311401603697
4.067300959865729
4.0672939987070835
4.067311401603697
4.067291015353377
4.067297976512023
4.067301954316965
4.067294993158318
4.067301457091347
4.067285545871585
4.067283556969115
4.067287534774056
4.067312893280549
4.067306429347522
4.067306429347521
4.067304440445051
4.067317368311107
4.067309412701227
4.067289523676526
4.067284054194733
4.067290020902143
4.0672930042558475
4.067282065292262
4.067299965414494
4.067308915475608
4.0673138877317845
4.067297479286407
4.067317865536725
4.067297479286406
4.067297976512024
4.067291015353379
4.0673009598657295
4.067293501481466
4.067279081938557
4.067294993158318
4.067291512578996
4.0672870375484385
4.067294993158319
4.067291512578996
4.067308418249991
4.067271623554294
4.067294993158319
4.067293998707084
4.067302451542581
4.067273612456764
4.067304440445052
4.067295987609554
4.0672949931583195
4.067277093036087
4.0672994681888754
4.067302451542582
4.067290518127759
4.067294993158319
4.0672870375484385
4.067311401603697
4.067279081938557
4.06730891547561
4.067301954316964
4.067297976512024
4.067293501481466
4.067291512578996
4.067313390506166
4.0673138877317845
4.067288529225291
4.067293004255848
4.067288529225292
4.067315379408637
4.067317865536725
4.067310407152462
4.067287037548437
4.067285048645967
4.067285048645967
4.067295490383935
4.067298970963258
4.06727659581047
4.067291015353377
4.067289523676526
4.0672800763897925
4.067270131877442
4.067278087487321
4.06727858471294
4.067293004255849
4.067290518127762
4.067287534774054
4.0672800763897925
4.0673004626401115
4.0672795791641745
4.067287534774056
4.067283059743498
4.067268640200589
4.067287037548438
4.0672870375484385
4.0672939987070835
4.067297976512024
4.0672875347740565
4.0672651596212654
4.06728852922529
4.067293004255849
4.067312396054932
4.067302948768198
4.0672800763897925
4.06728654032282
4.067293501481466
4.067302948768199
4.067289523676526
4.067269634651824
4.067296484835172
4.0672875347740565
4.06727858471294
4.067261679041944
4.06729847373764
4.067290518127759
4.0672875347740565
4.067293004255848
4.067263170718796
4.067297479286407
4.067283059743498
4.067296982060789
4.0672999654144935
4.067300959865729
4.0672939987070835
4.067318362762341
4.067282065292264
4.067295987609554
4.067287534774056
4.067304937670669
4.067295987609554
4.067308915475609
4.067284054194733
4.0672949931583195
4.067287037548437
4.067286043097201
4.067302451542582
4.067297976512024
4.06729051812776
4.067283059743498
4.067288031999674
4.067286540322821
4.0672939987070835
4.067306926573139
4.0672930042558475
4.06728852922529
4.067309412701228
4.067295987609554
4.067310904378079
4.067301457091346
4.067285048645967
4.067292009804613
4.067284551420351
4.067284054194733
4.067284054194734
4.067291015353379
4.067295987609554
4.067290518127762
4.0672944959327015
4.067291512578997
4.067297976512023
4.067298970963258
4.067293004255848
4.067275601359235
4.067271126328676
4.067285545871586
4.067275601359235
4.067274109682381
4.067288529225291
4.0673074237987565
4.067277590261703
4.067285048645968
4.067290518127762
4.067286043097203
4.067299965414494
4.067301954316963
4.0672795791641745
4.067279081938557
4.067285545871585
4.067282562517881
4.067285545871585
4.067281070841028
4.06727659581047
4.0672805736154105
4.0672875347740565
4.067290518127762
4.067289523676525
4.0673014570913475
4.067295987609554
4.067290518127761
4.067288031999673
4.067288529225291
4.067301457091347
4.067308418249993
4.067294993158318
4.06728057361541
4.067290518127762
4.067283059743498
4.067278087487323
4.067281568066645
4.067281070841028
4.067256706785767
4.067296982060789
4.0672949931583195
4.067295490383937
4.0672939987070835
4.067305932121905
4.067304937670669
4.067280076389792
4.067288529225291
4.06731488218302
4.067291512578996
4.067292507030231
4.067285048645968
4.067294993158317
4.067309909926845
4.067298473737641
4.0673004626401115
4.067306429347522
4.067293004255848
4.067295490383937
4.067276595810468
4.067293004255848
4.0672785847129385
4.067309412701227
4.067274109682381
4.067307921024374
4.067301457091347
4.067287534774054
4.06729648483517
4.067298970963257
4.0672930042558475
4.067274109682381
4.067260187365089
4.067283556969115
4.067289026450909
4.0672865403228196
4.067307921024373
4.067301954316965
4.0673004626401115
4.06729051812776
4.067273612456764
4.067282562517881
4.067263170718796
4.067301457091346
4.067282065292264
4.067281568066643
4.067288031999673
4.067286540322819
4.06729051812776
4.067293004255848
4.067275601359233
4.067303445993816
4.06728057361541
4.067268142974972
4.067298473737641
4.067289026450907
4.067292507030231
4.067316871085488
4.067284054194733
4.067288031999674
4.067282562517881
4.067293998707083
4.067282065292262
4.067277093036087
4.067302451542582
4.0673074237987565
4.067291015353378
4.067293004255848
4.067290020902142
4.067290020902141
4.0672800763897925
4.067296982060788
4.06728057361541
4.067278087487321
4.0672930042558475
4.067276098584852
4.067286540322821
4.067309909926845
4.067262176267559
4.067274109682383
4.067287534774056
4.067256209560149
4.067272618005529
4.067259690139473
4.067283059743499
4.067278087487322
4.0672497456271195
4.067263170718796
4.067282065292264
4.067261181816323
4.067270131877442
4.06726217626756
4.067286043097202
4.067270629103056
4.067252231755206
4.067269137426206
4.067253723432061
4.067302948768197
4.067284551420349
4.067264662395648
4.0672785847129385
4.067256706785767
4.0672656568468835
4.067258695688237
4.067290518127761
4.067269137426204
4.067268640200589
4.067276595810469
4.0672711263286745
4.067277093036086
4.067279081938557
4.067269137426205
4.067279579164175
4.06726018736509
4.067267148523736
4.067283556969112
4.06726416517003
4.0672800763897925
4.067292507030231
4.067257204011385
4.067263170718793
4.06726416517003
4.067293501481466
4.067263667944412
4.067277590261705
4.067275104133617
4.067275601359235
4.06728455142035
4.0672646623956465
4.067278087487321
4.067274109682381
4.067254717883298
4.067269634651823
4.067281070841028
4.067276595810468
4.067267645749354
4.06726814297497
4.067257204011384
4.067309412701227
4.06727659581047
4.067275104133618
4.067261181816325
4.067270131877441
4.067275104133617
4.067260187365089
4.067270131877442
4.06725819846262
4.067267645749354
4.067248751175885
4.06727858471294
4.06728057361541
4.067277590261704
4.067275601359234
4.067291015353378
4.0672726180055285
4.067287534774056
4.067259690139471
4.067276098584852
4.067274606908
4.067280076389792
4.067288031999673
4.067289026450908
4.067296484835171
4.067278087487322
4.067274109682382
4.067271126328677
4.067278087487321
4.067274109682383
4.06726416517003
4.067272120779911
4.0672726180055285
4.067281568066645
4.067274109682383
4.067276098584852
4.0672661540725015
4.067264662395648
4.067297976512023
4.067277093036086
4.0672800763897925
4.067268640200588
4.0672994681888754
4.067282562517881
4.067277590261704
4.067283059743498
4.0673009598657295
4.067284054194732
4.06728654032282
4.067287534774055
4.067273612456763
4.06728852922529
4.067280076389792
4.067299965414494
4.067263170718793
4.067294993158317
4.067284054194733
4.067274109682383
4.0672661540725015
4.067269137426206
4.067294495932701
4.067282065292262
4.067275601359234
4.067272120779911
4.067281070841027
4.067278087487322
4.06727659581047
4.067295987609554
4.067271623554294
4.067288529225291
4.067297479286406
4.067290518127761
4.0672800763897925
4.067286043097203
4.0672930042558475
4.067292009804613
4.067288529225292
4.067279579164173
4.0672795791641745
4.067274109682379
4.0672800763897925
4.067285545871584
4.06728057361541
4.0672646623956465
4.067281568066645
4.067288031999673
4.067289026450908
4.067299468188877
4.067293501481466
4.067294495932701
4.067254717883297
4.067301457091347
4.067286043097202
4.067272120779911
4.067286043097202
4.067270629103057
4.067282065292264
4.067297479286406
4.067276098584851
4.067287037548438
4.067282562517881
4.067280076389793
4.0672780874873204
4.067288529225291
4.0673069265731385
4.067304440445051
4.067284054194732
4.067266651298119
4.067287534774056
4.0672860430972015
4.067297479286406
4.067288529225292
4.06727858471294
4.06727858471294
4.067292009804614
4.067282065292262
4.067298970963259
4.06729051812776
4.067287534774056
4.067311898829314
4.06729250703023
4.067275104133617
4.067280573615409
4.067315876634255
4.067286043097202
4.067274606908
4.067290518127761
4.067258695688236
4.067287037548438
4.067315379408637
4.067296484835171
4.06728455142035
4.067291015353378
4.067304440445052
4.067281070841027
4.0672935014814655
4.067283059743498
4.0672865403228196
4.067313390506167
4.0672994681888754
4.067305932121904
4.067288529225291
4.067285048645968
4.067301954316963
4.067284054194732
4.067289523676525
4.067298473737639
4.067291015353379
4.067279081938557
4.067303445993816
4.067311401603695
4.067296484835169
4.067309412701225
4.067311898829314
4.067321346116043
4.067292009804613
4.067305932121903
4.067299965414493
4.067299965414493
4.06729847373764
4.0672800763897925
4.0672935014814655
4.067301954316965
4.067292009804612
4.067283556969115
4.067320848890429
4.067297479286405
4.067305932121903
4.067295987609553
4.067303445993816
4.0673198544391935
4.067308418249991
4.067290518127762
4.067309412701225
4.067319854439192
4.067295490383935
4.067294495932701
4.067316871085489
4.067310904378078
4.067324826695369
4.067281568066645
4.067299468188876
4.067292009804612
4.067307921024373
4.067302948768198
4.067307423798756
4.067287037548437
4.067305932121904
4.06728405419473
4.067291015353376
4.067310904378078
4.0673143849574
4.067324826695369
4.067298970963258
4.067316871085487
4.067308418249991
4.067309909926844
4.067323832244134
4.067293998707083
4.067310407152458
4.0672860430972015
4.067309909926844
4.0673079210243746
4.0672785847129385
4.06730891547561
4.067315876634254
4.067310407152462
4.0673138877317845
4.067296982060788
4.0673253239209854
4.067304937670669
4.067309412701224
4.067310904378079
4.067302948768196
4.0673198544391935
4.067301457091346
4.067312396054931
4.06731836276234
4.067309909926845
4.067302948768198
4.067302451542581
4.0673143849574
4.06728455142035
4.067304440445052
4.06732830727469
4.067305932121903
4.067315379408636
4.067329798951544
4.067311401603697
4.0673079210243746
4.067307921024374
4.067319357213576
4.067311401603697
4.067308418249993
4.06730046264011
4.067328307274691
4.067300959865729
4.067297479286405
4.067311898829314
4.0673203516648115
4.067311898829314
4.0673377545614215
4.067329301725926
4.067323335018517
4.067309412701227
4.06731488218302
4.0673128932805485
4.0673263183722215
4.067310904378079
4.067332782305249
4.067319357213576
4.067342229591978
4.067315876634255
4.067333776756482
4.067321843341664
4.067293998707082
4.067341732366363
4.067241790017228
4.067297479286407
4.067295987609554
4.0673327823052485
4.067315379408636
4.067330793402778
4.067335765658954
4.067323335018517
4.067313390506167
4.067323335018517
4.067321346116047
4.067323335018517
4.067340737915129
4.06732482669537
4.067331290628396
4.067324826695369
4.067343224043216
4.067332782305248
4.067321346116046
4.067337257335805
4.067334771207718
4.0673427268175955
4.067340737915128
4.06733825178704
4.067347699073774
4.06734421849445
4.067332782305249
4.067319854439194
4.067358140811737
4.067335268433336
4.067353168555566
4.067335765658953
4.067352671329947
4.067341235140745
4.067351179653095
4.067336262884571
4.067353168555564
4.067344218494451
4.067332782305248
4.067327810049075
4.067336760110187
4.067338251787041
4.067329301725926
4.067332782305249
4.0673476990737685
4.06733029617716
4.0673322850796305
4.067325821146604
4.067327312823456
4.067329301725926
4.067332782305249
4.067326318372221
4.067343224043214
4.067320848890429
4.067350682427478
4.0673457101713035
4.067354660232415
4.06733676011019
4.067339246238274
4.067361124165443
4.067331290628396
4.0673228377929
4.067329301725924
4.067331290628396
4.067332285079631
4.0673382517870404
4.067334273982102
4.067350185201859
4.067342726817597
4.067328307274691
4.067351676878713
4.067348693525008
4.067327312823454
4.067326318372221
4.067329301725926
4.067328804500309
4.067331787854013
4.067347201848155
4.067322837792899
4.067340737915127
4.0673387490126585
4.067353665781182
4.067378029836436
4.0673263183722215
4.0673457101713035
4.067334771207718
4.067355654683652
4.067353168555565
4.067335268433336
4.06733676011019
4.067345212945685
4.0673387490126585
4.067338251787041
4.067360129714208
4.067348693525005
4.0673541630068
4.067361124165443
4.067360129714209
4.06735217410433
4.067336760110188
4.067368085324088
4.067362615842295
4.067360626939826
4.067349190750625
4.0673437212688315
4.06735764358612
4.0673631130679135
4.067348693525006
4.067353168555566
4.067335765658954
4.067348693525006
4.067361124165444
4.067339743463893
4.067335268433337
4.067353168555564
4.067352174104329
4.067377035385202
4.067338749012659
4.067365101970384
4.067351179653095
4.067356649134884
4.0673631130679135
4.067333776756482
4.067335765658956
4.067368085324088
4.067334771207718
4.067340240689508
4.067354163006799
4.067342229591981
4.067335268433336
4.067348693525008
4.067364604744765
4.06736012971421
4.067348693525008
4.06735615190927
4.0673576435861225
4.067341235140746
4.0673462073969215
4.067346207396921
4.0673576435861225
4.067336760110188
4.0673258211466035
4.067367588098469
4.067349687976242
4.067343224043216
4.067351676878713
4.0673392462382765
4.067349190750623
4.06734620739692
4.06733676011019
4.067367588098469
4.067327312823456
4.0673541630068
4.067366593647236
4.0673397434638945
4.067327810049073
4.067372560354645
4.067329301725927
4.067366096421619
4.067345710171302
4.067355654683651
4.067355157458035
4.067340240689511
4.067340240689511
4.067340737915129
4.067339743463894
4.067347699073774
4.067329301725927
4.067331787854012
4.0673263183722215
4.067353168555565
4.067347201848155
4.0673392462382765
4.067337754561424
4.067349190750625
4.067329798951544
4.0673511796530954
4.067330793402779
4.067313390506167
4.067349190750625
4.067335765658954
4.067341235140746
4.0673541630068
4.067349687976243
4.067367090872852
4.067361621391061
4.06732880450031
4.067345710171303
4.067328804500309
4.067348693525008
4.067329798951545
4.067341235140746
4.067335268433336
4.067341732366363
4.067352671329947
4.067344218494451
4.067346704622538
4.067347201848156
4.067371565903411
4.067354660232417
4.067364107519147
4.067353665781183
4.067332285079632
4.067350185201859
4.067337754561423
4.0673571463605045
4.0673452129456855
4.067343721268833
4.067347201848156
4.067354163006801
4.0673685825497055
4.067360626939826
4.067344715720068
4.067339743463894
4.0673516768787135
4.067334273982102
4.067340240689511
4.06735615190927
4.067340240689511
4.067362615842296
4.067360626939826
4.067354660232418
4.067351179653095
4.067346704622538
4.067353665781183
4.067353665781181
4.067353168555566
4.067358638037358
4.067348196299391
4.067353168555566
4.067366096421619
4.067362615842296
4.067336760110188
4.067362615842296
4.067361621391061
4.067374052031498
4.0673452129456855
4.067348196299391
4.0673571463605045
4.06736012971421
4.067385985446314
4.0673571463605045
4.067362118616679
4.067330793402779
4.067355157458034
4.067366096421619
4.06734819629939
4.067336262884572
4.06735217410433
4.0673397434638945
4.067344715720068
4.0673680853240874
4.067364604744767
4.0673576435861225
4.067383499318228
4.067363610293532
4.06735814081174
4.067337754561424
4.067367588098471
4.067363610293532
4.067361124165444
4.067354660232418
4.067341732366364
4.067366096421619
4.067352671329947
4.067354660232417
4.067380515964524
4.067356151909269
4.067381013190142
4.0673581408117405
4.067364604744765
4.067368085324088
4.067348196299391
4.067367090872853
4.0673541630068
4.067364107519149
4.067360626939827
4.067354660232417
4.067368085324088
4.067372063129027
4.0673447157200675
4.067352671329947
4.067369079775323
4.067374549257115
4.067336760110188
4.067368582549706
4.0673576435861225
4.06735217410433
4.067369079775324
4.067368582549705
4.067374052031497
4.067370571452176
4.06735615190927
4.067354660232418
4.067376040933968
4.067361621391062
4.067374052031497
4.067355157458035
4.067357643586121
4.067360129714209
4.067366593647236
4.067364604744767
4.067365599196001
4.067383996543846
4.067393443830576
4.067360129714209
4.067366593647237
4.067371565903411
4.067376040933968
4.067368085324089
4.0673631130679135
4.067348693525008
4.067365101970383
4.06735814081174
4.067364604744768
4.067360626939827
4.067347201848155
4.067383002092609
4.067360626939827
4.067372063129028
4.067366593647236
4.067362615842296
4.0673571463605045
4.067367588098471
4.06735217410433
4.06735217410433
4.067354660232416
4.067370074226557
4.067378527062054
4.067362118616679
4.067344218494451
4.067365101970384
4.067381510415759
4.067384493769463
4.06736410751915
4.06735814081174
4.067371068677793
4.067370571452176
4.067361621391061
4.067359632488593
4.067362615842297
4.067348196299391
4.067380018738906
4.067355654683653
4.067350185201861
4.06736758809847
4.067378527062054
4.067355654683652
4.067348196299391
4.067361124165444
4.067378029836436
4.067392449379342
4.067366593647236
4.067350185201861
4.067386482671933
4.067362118616679
4.0673805159645235
4.067372063129028
4.067363610293532
4.067378527062053
4.067348693525009
4.067366096421619
4.067359632488592
4.067356649134887
4.067374052031497
4.067365599196001
4.067377532610817
4.067383002092611
4.0673631130679135
4.067390460476872
4.067370571452176
4.067367090872854
4.067355654683652
4.067376040933966
4.067372063129028
4.067366096421619
4.0673576435861225
4.067367090872853
4.067355654683653
4.0673541630068
4.067379024287672
4.067372063129028
4.06736361029353
4.067366593647235
4.067346704622538
4.0673511796530954
4.067392449379342
4.06736211861668
4.067372560354645
4.067379024287671
4.067364107519148
4.067350682427478
4.067354660232418
4.067374549257115
4.067351676878711
4.06733676011019
4.067349190750626
4.067365599196
4.0673805159645235
4.06735764358612
4.067350185201861
4.067370074226559
4.067372063129028
4.067341732366363
4.067360626939827
4.067383996543846
4.067356151909269
4.067366593647237
4.067373057580263
4.067371068677794
4.067372560354645
4.067353665781182
4.067351179653095
4.067367090872854
4.067371068677792
4.067376538159585
4.067366593647237
4.06736012971421
4.067343721268833
4.067354660232417
4.067340737915129
4.0673462073969215
4.067372063129027
4.067345212945685
4.067364604744767
4.06735018520186
4.067359135262973
4.067379024287672
4.067373057580263
4.067373057580262
4.067375046482732
4.067351676878713
4.06734222959198
4.0673581408117405
4.0673685825497055
4.067367090872854
4.067371068677793
4.067380018738906
4.067385488220698
4.067383996543846
4.067348693525008
4.0673805159645235
4.067382504866994
4.067371068677793
4.067380515964524
4.067361124165444
4.067379024287672
4.067363113067914
4.067377035385202
4.067372063129028
4.067394438281812
4.0673810131901424
4.067377532610819
4.067357643586122
4.067392449379342
4.067376040933966
4.067394438281812
4.067383499318229
4.067373057580263
4.06738896880002
4.067370571452176
4.067362118616679
4.067376040933967
4.0673511796530954
4.0673914549281065
4.067385985446316
4.0673690797753235
4.0673750464827325
4.067360129714209
4.067370074226559
4.067373554805879
4.06737156590341
4.06737355480588
4.067383499318228
4.06737753261082
4.067375046482732
4.067383002092611
4.06738101319014
4.067372063129027
4.067371068677793
4.067378029836436
4.067385488220698
4.067355654683653
4.0673785270620515
4.067362118616679
4.067370571452176
4.067374052031496
4.0673571463605045
4.067383002092611
4.067380515964523
4.067377035385202
4.067386979897549
4.0674073661478625
4.067372063129028
4.067390460476872
4.0673810131901424
4.067392449379342
4.06737355480588
4.067410846727184
4.067397918861133
4.067399907763601
4.067400902214837
4.067396427184278
4.067395432733046
4.067388471574401
4.067391952153724
4.067399907763602
4.067378029836438
4.067386979897549
4.067387974348786
4.067371068677793
4.067383996543843
4.067383996543845
4.067392449379341
4.067384990995078
4.067386482671932
4.06737504648273
4.067383499318226
4.067389466025637
4.067385488220695
4.067373057580262
4.067397918861133
4.067392449379341
4.067378029836437
4.067374052031497
4.067372063129028
4.0673730575802605
4.067389466025637
4.067378029836435
4.067383002092611
4.067344715720066
4.067370571452175
4.067370571452176
4.067382007641376
4.067395432733046
4.06738896880002
4.067388471574403
4.067392946604959
4.067403388342922
4.0674128356296535
4.067401896666072
4.067374549257113
4.067383499318228
4.067397421635515
4.067354660232418
4.067366593647235
4.067359135262975
4.067368085324088
4.067347201848154
4.067361124165445
4.067354660232418
4.067368582549704
4.067368085324088
4.067365101970385
4.067354163006799
4.067367588098471
4.067348196299391
4.067365599196002
4.067342229591982
4.067345710171303
4.067345710171303
4.067361124165444
4.067365101970384
4.067334273982103
4.067367588098471
4.067337754561424
4.06735217410433
4.0673457101713035
4.0673521741043315
4.067362118616678
4.06733477120772
4.06736012971421
4.067332285079632
4.067329798951543
4.067334273982103
4.06734222959198
4.067323832244132
4.067366593647236
4.067337257335807
4.067366096421619
4.0673511796530954
4.067353665781183
4.067338749012659
4.06735018520186
4.067353168555565
4.067348196299391
4.067331787854014
4.067359632488593
4.067358638037358
4.067360626939827
4.067348196299391
4.067361124165443
4.067351676878712
4.0673576435861225
4.0673581408117405
4.0673750464827325
4.067362118616679
4.06736012971421
4.067343224043216
4.067352671329947
4.067358638037358
4.067352671329947
4.067356649134887
4.067355157458035
4.067343721268833
4.067366096421619
4.067336760110188
4.067356649134887
4.067364604744767
4.067342229591981
4.067362615842296
4.067364604744767
4.067327810049075
4.067366096421619
4.0673576435861225
4.067359135262975
4.067341732366362
4.06735217410433
4.067361124165444
4.06736410751915
4.067354163006801
4.067356649134887
4.067349687976243
4.0673457101713035
4.0673273128234575
4.067358638037358
4.067354163006801
4.067331290628397
4.067354660232418
4.0673457101713035
4.067323832244134
4.067345212945686
4.067336262884571
4.067353168555565
4.067344218494451
4.067316871085489
4.0673511796530954
4.067340737915129
4.0673228377929
4.067355157458035
4.067379024287671
4.067349687976243
4.067337754561424
4.067369079775324
4.067371068677793
4.067339743463894
4.067355157458035
4.067341732366364
4.067343224043216
4.067342726817599
4.067328307274692
4.06734024068951
4.067348693525009
4.067334771207719
4.067343224043217
4.067330296177161
4.067342229591982
4.067340240689511
4.0673337767564846
4.067344715720068
4.067336262884571
4.0673387490126585
4.06733477120772
4.067333776756484
4.067318362762341
4.067349190750626
4.067347699073772
4.067329301725927
4.067334273982101
4.067341732366365
4.067315379408636
4.067331787854013
4.067323335018515
4.067357146360506
4.067335268433337
4.067346704622537
4.067334771207719
4.067341235140746
4.067335765658953
4.067324826695368
4.0673332795308665
4.0673208488904296
4.067349687976243
4.06732880450031
4.067335268433337
4.067328804500309
4.067334273982102
4.067337257335805
4.067328307274692
4.067346704622538
4.067327810049075
4.067322340567281
4.067326815597839
4.067329798951543
4.0673263183722215
4.0673263183722215
4.067319357213574
4.067323335018515
4.067334273982101
4.06731836276234
4.067325323920987
4.067309909926845
4.067310904378079
4.067317865536725
4.067326318372221
4.067346704622537
4.067340240689511
4.067352671329947
4.0673138877317845
4.067321346116046
4.067311898829313
4.067340737915129
4.067324329469752
4.067307423798756
4.067307423798757
4.067328307274692
4.067314384957402
4.0672999654144935
4.067317368311106
4.067317865536725
4.067315876634254
4.0673069265731385
4.067312396054932
4.067318859987959
4.067314882183019
4.067320351664811
4.067337754561422
4.067315379408636
4.067314882183019
4.067317368311106
4.067319854439194
4.06732681559784
4.067323335018517
4.067330296177162
4.067340737915129
4.067330793402779
4.0673273128234575
4.0673397434638945
4.067319854439194
4.067330296177162
4.067328804500309
4.067320848890429
4.06731289328055
4.06734620739692
4.067290518127762
4.067302948768199
4.0673332795308665
4.0672785847129385
4.067328307274692
4.067322837792899
4.067316373859871
4.067309412701227
4.06731836276234
4.067324329469752
4.067309412701227
4.067303943219432
4.067348693525008
4.0673268155978395
4.067318362762342
4.067322340567281
4.06731488218302
4.067305932121903
4.067335268433337
4.067311401603696
4.0673203516648115
4.067322340567281
4.067334273982101
4.06731488218302
4.067317368311106
4.067321843341664
4.067302451542582
4.067309909926845
4.067309909926844
4.067302948768199
4.067316871085489
4.067319854439194
4.067318859987959
4.067322340567282
4.067325323920987
4.0673322850796305
4.067322837792898
4.067315379408636
4.067342229591982
4.067313390506166
4.067337257335805
4.067342726817599
4.067327810049075
4.067334771207719
4.067323832244135
4.067332782305249
4.067311898829314
4.067317865536723
4.067346704622538
4.067345710171303
4.067320848890428
4.0673337767564846
4.067339246238274
4.067336262884571
4.067341235140746
4.067347201848154
4.067334273982101
4.067336262884571
4.067342726817597
4.067317368311108
4.067335765658953
4.067335765658954
4.067336760110188
4.067317368311106
4.0673556546836505
4.067325821146604
4.067336760110187
4.067349687976242
4.067349687976242
4.06734421849445
4.067333776756484
4.067347699073774
4.067353168555564
4.067375046482731
4.067341235140743
4.0673621186166775
4.067343721268832
4.067355157458033
4.067347201848155
4.067343721268832
4.067347201848154
4.067343721268833
4.067346207396921
4.067343224043213
4.067384493769463
4.067348693525009
4.067359632488592
4.067355157458031
4.067360626939826
4.067319357213577
4.067350682427477
4.06733029617716
4.067350185201859
4.067337257335805
4.067362615842296
4.067325821146604
4.067352671329947
4.067359135262975
4.0673685825497055
4.067350682427477
4.06735217410433
4.067372560354644
4.067340240689512
4.06736957700094
4.067371565903411
4.067366593647236
4.067377035385202
4.067377532610819
4.067357146360503
4.067352671329945
4.0673800187389055
4.06737753261082
4.067391454928107
4.067365599196001
4.06737902428767
4.067373554805879
4.067371068677793
4.06737355480588
4.067374052031497
4.067378527062053
4.06737156590341
4.067383499318228
4.067397918861132
4.067363113067914
4.067361124165444
4.06736957700094
4.067368085324088
4.06739244937934
4.06737156590341
4.067376538159585
4.067372063129029
4.067402393891686
4.067379521513288
4.067403885568541
4.0673854882206975
4.067365101970384
4.067374549257113
4.0673670908728505
4.067391454928106
4.067390460476872
4.067372560354644
4.06739443828181
4.0673859854463155
4.067360626939826
4.067395929958663
4.067391952153724
4.0673859854463155
4.067374052031497
4.067376040933966
4.067363610293532
4.067389466025637
4.067387974348786
4.067401896666071
4.067372063129028
4.067383499318228
4.067398913312367
4.067387477123168
4.067393941056194
4.067368582549706
4.06737554370835
4.06740239389169
4.06740040498922
4.067391454928106
4.067382007641375
4.067385488220698
4.0673974216355155
4.06738151041576
4.06738896880002
4.067395929958663
4.067390460476872
4.067390957702489
4.067397918861132
4.06738896880002
4.067360626939827
4.067405377245393
4.067395432733046
4.067394935507429
4.067406868922246
4.067408857824715
4.067426757946939
4.067406371696628
4.067412835629654
4.067414327306506
4.067388471574403
4.067379024287672
4.0673864826719335
4.067404880019776
4.067414327306506
4.0673974216355155
4.067393941056193
4.067403388342925
4.0673859854463155
4.0673909577024885
4.067400902214837
4.0673859854463155
4.0673974216355155
4.067405377245394
4.0674073661478625
4.067386482671933
4.0673909577024885
4.067409355050333
4.067403885568542
4.067401896666072
4.067403885568542
4.067414327306506
4.0674287468494095
4.067389466025637
4.0674133328552715
4.067425266270089
4.067410846727185
4.067401896666072
4.0674188023370625
4.067408857824716
4.067404880019776
4.067414824532123
4.0674073661478625
4.067411343952802
4.067401399440455
4.067388471574403
4.06742675794694
4.067409355050333
4.067405377245393
4.06741333285527
4.067401896666071
4.067395929958663
4.067419299562678
4.067411841178419
4.067426260721322
4.067404382794158
4.067435708008051
4.067410846727185
4.0674113439528
4.0673919521537245
4.067410846727185
4.067416813434593
4.0674232773676176
4.067419796788296
4.06741929956268
4.067426260721323
4.067411343952801
4.067398416086749
4.06740587447101
4.067413830080887
4.0673969244098975
4.067404382794158
4.067437696910521
4.067400404989219
4.067422780142
4.067436205233669
4.067419796788297
4.067425266270088
4.067422780142
4.067435210782436
4.067435210782436
4.06742626072132
4.06741184117842
4.06744714419725
4.067422282916383
4.067434713556817
4.067436702459287
4.067435210782434
4.067420791239532
4.067424769044469
4.067412835629654
4.067445155294781
4.067448138648484
4.067420294013914
4.067419796788296
4.0674391885873735
4.067441177489841
4.0674441608435465
4.067433719105582
4.067434216331199
4.067440183038607
4.067406371696627
4.067434216331198
4.067446646971633
4.067416813434592
4.067427255172558
4.06742079123953
4.067460072063298
4.067441177489843
4.067447641422866
4.067442171941075
4.06741681343459
4.0674376969105195
4.067406868922245
4.06744316639231
4.06743222742873
4.067428249623789
4.067404880019773
4.0674431663923105
4.0674376969105195
4.067428249623791
4.0674232773676176
4.067449133099719
4.067436702459286
4.067437199684903
4.067470016575647
4.0674486358741015
4.067438194136138
4.06744316639231
4.0674476414228655
4.067447641422867
4.067429741300644
4.0674282496237915
4.06744167471546
4.067472502703733
4.0674337191055825
4.067443663617929
4.067443663617929
4.0674337191055825
4.067432724654348
4.067457088709597
4.0674446580691646
4.06744714419725
4.067430238526261
4.0674491330997204
4.067442669166694
4.067448138648483
4.0674441608435465
4.067441177489843
4.0674536081302755
4.067440680264226
4.067446646971633
4.067454105355893
4.067466038770708
4.067467033221942
4.067479463862375
4.067481949990461
4.067468027673177
4.067479961087992
4.067460072063301
4.067461563740152
4.067468524898795
4.067463055417004
4.067456591483979
4.067465541545091
4.067467530447561
4.067468524898795
4.06746206096577
4.067471011026882
4.067446149746016
4.067460072063302
4.067479463862376
4.067420791239532
4.067452116453423
4.067464547093856
4.067453110904657
4.067476977734288
4.067446149746016
4.067458083160831
4.067454105355893
4.067460072063302
4.067463552642621
4.067457088709596
4.067450624776572
4.06746206096577
4.067469022124411
4.06747299992935
4.067477474959906
4.067461066514533
4.067462558191385
4.067462558191386
4.0674680276731765
4.067470513801264
4.0674829444416964
4.067473994380585
4.067463552642622
4.067473497154968
4.067478966636756
4.067482447216077
4.067464547093856
4.0675008445639165
4.067469519350029
4.067495375082127
4.067471011026881
4.067483441667313
4.067489905600337
4.06747846941114
4.067480955539225
4.067492391728424
4.067486425021016
4.067482447216078
4.067475983283054
4.067497363984596
4.067505319594473
4.067482944441696
4.067461066514536
4.067480458313608
4.067486425021016
4.067500844563916
4.067517750234903
4.0675053195944715
4.067502336240769
4.0675142696555815
4.067493883405274
4.067487916697869
4.067482944441696
4.067482447216078
4.067496866758979
4.067487419472251
4.067478966636759
4.067501839015152
4.067471508252497
4.067511783527495
4.067488911149103
4.067485927795399
4.067497363984597
4.067499352887064
4.067495872307745
4.067487916697867
4.067518744686137
4.067504325143239
4.067494380630891
4.067473994380585
4.067493386179659
4.067508302948176
4.0674874194722515
4.067494380630891
4.06750382791762
4.067498855661448
4.067488413923486
4.06748393889293
4.067483938892931
4.067487916697869
4.067487419472251
4.0675008445639165
4.067506811271325
4.067501839015152
4.067493386179657
4.067502833466384
4.067507805722559
4.067498855661448
4.067502336240769
4.067489905600336
4.06749985011268
4.067483938892931
4.0674640498682395
4.067527694747246
4.067485430569782
4.0674779721855225
4.067501839015152
4.067502336240768
4.067495375082126
4.067462558191387
4.067488413923486
4.067483441667314
4.0674968667589795
4.067489408374719
4.067490402825954
4.067501341789533
4.06748940837472
4.067493386179657
4.067486425021017
4.067495872307743
4.067475983283054
4.067503330692003
4.067483938892928
4.0674874194722515
4.067501839015151
4.067499850112683
4.067504822368854
4.067486425021015
4.067466038770708
4.067468524898794
4.06748940837472
4.067472005478115
4.06746951935003
4.067496866758979
4.067467033221943
4.067501839015151
4.067498358435828
4.067475983283054
4.067483441667313
4.067481452764844
4.067480458313608
4.067478469411139
4.067479961087991
4.06747299992935
4.0674720054781135
4.067469519350028
4.0674690221244125
4.067467530447559
4.067457585935212
4.067477972185522
4.067479961087989
4.0674675304475585
4.0674729999293495
4.06748741947225
4.067482944441694
4.067474491606199
4.067480458313607
4.06747051380126
4.067464547093856
4.06748045831361
4.067460072063301
4.06744167471546
4.067462558191386
4.067470513801264
4.0674590776120665
4.067465044319473
4.06748940837472
4.067471011026882
4.067482447216078
4.067463055417004
4.067474988831816
4.067466535996326
4.067473994380585
4.067471011026881
4.067436702459286
4.067469022124412
4.067450624776572
4.067464049868239
4.067463055417004
4.0674725027037315
4.0674720054781135
4.067467530447559
4.0674635526426215
4.06747250270373
4.067437696910521
4.067455597032744
4.067455597032745
4.067460569288916
4.067455099807127
4.067477474959905
4.067452116453423
4.067449630325337
4.067444658069162
4.0674590776120665
4.067455597032745
4.067433719105583
4.067417807885827
4.067432227428731
4.067441674715459
4.06745261367904
4.067421785690764
4.067448138648484
4.067456591483979
4.067437199684902
4.0674471441972475
4.06743769691052
4.067431232977495
4.0674481386484835
4.067451619227804
4.067452116453423
4.0674441608435465
4.067438194136138
4.067431730203114
4.06745261367904
4.067416316208974
4.067434713556817
4.067438691361757
4.06743968581299
4.067440183038609
4.067430735751876
4.06741929956268
4.0674232773676176
4.06742675794694
4.067435708008051
4.0674391885873735
4.067422780142002
4.067449630325336
4.067437199684904
4.067448138648484
4.067437199684903
4.067423277367618
4.067414824532123
4.067424271818854
4.06739642718428
4.067427255172557
4.06740786337348
4.067414327306506
4.067422282916383
4.067415321757738
4.067427255172556
4.0674013994404525
4.067442669166694
4.067422780142
4.0674188023370625
4.067434216331198
4.067408360599097
4.067430238526261
4.067424769044472
4.067428249623792
4.067412338404036
4.067425266270088
4.067429244075026
4.067416813434593
4.06739642718428
4.067419796788296
4.067406371696627
4.067401896666071
4.067401399440455
4.0674018966660705
