8.080447608509417
8.080368551023838
8.080353634517122
8.080438161388498
8.08041379776087
8.080299935092933
8.080257174440325
8.080319823768562
8.08025966052478
8.080295460140912
8.080377003710979
8.080257671657215
8.08024772731939
8.080346673480653
8.080329768106372
8.08031982376856
8.08035214286645
8.080366064939383
8.080400372904828
8.080352142866447
8.08032728202192
8.080392914651473
8.080335237492172
8.080276068682178
8.080370539891403
8.0803914230008
8.080338718010404
8.080383467530552
8.080393909085252
8.080399378471045
8.08033324862461
8.08043169756892
8.080370539891403
8.080393909085254
8.080445619641855
8.080409820025748
8.080367059373163
8.080404847856846
8.080422250448008
8.080320818202336
8.080398384037267
8.080335237492172
8.08043617252094
8.08047793873972
8.08043666973782
8.08034020966108
8.080306896129395
8.080315348816542
8.080252699488303
8.080282035284865
8.080331259757045
8.0803282764557
8.080317834900997
8.080374517626526
8.080301923960494
8.080381975879881
8.080339215227298
8.080356617818467
8.080335237492172
8.080417775495988
8.080342695745529
8.080293471273354
8.080387942482572
8.08042573096624
8.080313359948983
8.080340209661076
8.08042125601423
8.080262146609234
8.080343690179296
8.080310873864526
8.080327282021921
8.080365070505593
8.08030639891251
8.080304410044945
8.0803914230008
8.080468988835696
8.080292476839562
8.08036855102384
8.080405345073734
8.080404847856846
8.080385456398119
8.080423742098661
8.080452580678315
8.08039987568794
8.080252699488305
8.080377003710977
8.080460536148555
8.08036556772249
8.08045755284722
8.080392417434584
8.080458050064102
8.080434183653374
8.08048539699305
8.08039390908525
8.080445122424964
8.08040982002575
8.080432194785816
8.08039241743458
8.080357612252248
8.08042523374935
8.08037153432518
8.080453575112088
8.080399875687938
8.080449597376974
8.08051075505447
8.080336729142843
8.080418272712874
8.080466005534356
8.08031335994898
8.080508766186908
8.080334740275282
8.080351645649559
8.0803705398914
8.080420261580448
8.080412803327091
8.080429708701361
8.080347667914436
8.080262146609234
8.080413797760867
8.080416283845324
8.080375014843417
8.080407333941297
8.080329768106374
8.0803705398914
8.080385953615005
8.080447608509417
8.08036755659006
8.080423244881787
8.080362584421154
8.080331259757047
8.080443133557402
8.080395400735926
8.08035114843267
8.080391423000801
8.08036904824072
8.08035065121578
8.080341701311745
8.080333745841493
8.080383467530558
8.080398384037268
8.080260654958558
8.080405842290617
8.080403356206169
8.080369048240728
8.08051622444026
8.080345181829985
8.080351645649559
8.080343690179312
8.080404350639954
8.080347170697536
8.080410814459528
8.080406339507517
8.080385953615002
8.080309382213857
8.080354131734012
8.080357612252245
8.080358606686028
8.08036158998737
8.080386948048787
8.080367059373167
8.080269604862595
8.08034170131175
8.080421753231114
8.0803441873962
8.080376009277197
8.08038843969946
8.08039987568794
8.080387942482561
8.080399378471048
8.080396892386597
8.08035960111981
8.080370539891398
8.080445619641852
8.080452083461417
8.080423742098668
8.08037004267451
8.080374517626524
8.080376506494089
8.080370042674515
8.080306896129404
8.080350651215781
8.080402361772391
8.08042175323112
8.08041479219465
8.080440150256061
8.0805087661869
8.080471474920147
8.080377500927867
8.080392914651476
8.08051622444025
8.080421753231118
8.080433686436486
8.080362087204264
8.080360595553588
8.08037948979542
8.080471972137039
8.080420758797333
8.08045506676277
8.080421753231107
8.080329270889484
8.080371037108288
8.080403356206173
8.080497330198433
8.080415786628434
8.080493352463316
8.08042374209868
8.080489871945082
8.080357612252236
8.080377500927868
8.080406836724402
8.080427222616912
8.080414792194652
8.080426725400018
8.08044760850941
8.080430703135141
8.080411808893308
8.080479430390392
8.080379489795432
8.080448105726305
8.080405842290626
8.08050180515045
8.080366064939382
8.080432692002704
8.080448105726305
8.080373025975858
8.08044213912362
8.080448602943196
8.08044015025606
8.080380484229213
8.080353634517124
8.080357115035357
8.080244246801158
8.080329768106374
8.080367556590057
8.080279051983517
8.08036855102384
8.080331259757045
8.080357612252245
8.080367059373165
8.080435178087155
8.0804535751121
8.080365567722497
8.080355623384685
8.080420261580448
8.080383964747442
8.080353634517124
8.080454569545878
8.080406836724405
8.08040335620616
8.080393411868364
8.080408328375077
8.080352640083342
8.080428217050693
8.080436172520939
8.080447111292523
8.080401367338611
8.080495341330876
8.080402858989281
8.080425233749349
8.080397886820373
8.080376506494089
8.080467994401914
8.080479430390392
8.08042573096624
8.080449100160084
8.080452083461429
8.080449100160076
8.080454072328985
8.080483408125513
8.080529152079398
8.08045705563033
8.080454569545877
8.080489871945085
8.080484402559295
8.080473463787706
8.080445619641853
8.080441144689843
8.08048838029441
8.080477441522829
8.08041081445953
8.080501805150446
8.080361092770481
8.080370539891403
8.080403356206174
8.080414294977762
8.080431200352036
8.08038744526568
8.08047346378771
8.080426725400017
8.080543074152322
8.080425233749333
8.08053312981452
8.08050826897002
8.080434183653377
8.080459044497891
8.08048539699307
8.080494346897098
8.080497827415329
8.08040037290483
8.080438658605388
8.080566940563045
8.08037650649409
8.080513738355808
8.0804381613885
8.080450591810754
8.080384959181224
8.080392914651474
8.080378495361652
8.080452580678319
8.080407831158189
8.080416283845324
8.080468988835698
8.080352142866445
8.080371037108293
8.08047744152283
8.080375014843417
8.080407831158189
8.080414294977762
8.080443630774292
8.08047694430594
8.080376009277197
8.080402858989284
8.080306896129395
8.080367059373165
8.08046302223301
8.080446116858745
8.080424239315569
8.080394406302146
8.080408825591968
8.080400372904828
8.080374020409634
8.080315348816546
8.080405345073736
8.080485894209952
8.080395400735929
8.080551526839452
8.080385953615009
8.080438658605386
8.080370539891403
8.080466005534356
8.080397389603489
8.080393411868364
8.080499319065998
8.08048639142685
8.080400372904828
8.080408825591968
8.080426228183123
8.080449597376978
8.080394406302144
8.080389931350133
8.080458050064108
8.080436669737828
8.080360098336698
8.080473961004591
8.080397886820377
8.08036954545762
8.08048092204106
8.080374020409634
8.08045456954587
8.08054953797189
8.08048738586063
8.080481419257952
8.08048539699307
8.080423244881787
8.080512246705142
8.080382473096774
8.080451586244534
8.080462525016122
8.08043666973783
8.080441144689843
8.080532135380738
8.080432194785816
8.08047744152283
8.080458547281003
8.080515230006482
8.080527163211846
8.080392914651474
8.08044213912362
8.080420758797336
8.08044164190673
8.080362584421154
8.080299935092933
8.08038893691635
8.080350651215781
8.08042175323112
8.080464016666795
8.080377500927865
8.080495341330868
8.080404350639954
8.080357612252248
8.08040236177238
8.080420261580446
8.080510257837576
8.080522191042943
8.080520699392274
8.080469486052586
8.08050976062069
8.080497330198435
8.08050031349978
8.080352142866447
8.080442636340509
8.080470977703255
8.080440150256061
8.080484402559293
8.080398384037268
8.08044512242496
8.080356120601571
8.080434183653376
8.080449100160086
8.080412803327091
8.080436172520939
8.080518710524709
8.080456558413436
8.08038744526567
8.080540588067871
8.080451586244536
8.08042225044801
8.080451586244536
8.08048539699307
8.080423244881791
8.080424239315567
8.080395400735929
8.080470977703257
8.080486888643746
8.08036308163803
8.080368551023836
8.080430703135145
8.080403356206174
8.08044114468984
8.080402858989281
8.0804227476649
8.080427222616914
8.080468988835696
8.080500313499778
8.080507771753128
8.080420758797336
8.080407831158185
8.080428217050693
8.080421256014228
8.08039092578391
8.080421753231116
8.080428217050693
8.080452083461426
8.080545063019882
8.080417278279102
8.080486391426854
8.080476944305941
8.080451089027646
8.080530643730075
8.080446614075633
8.080546554670557
8.080499816282886
8.08051274392203
8.080387445265677
8.080472469353928
8.080384959181226
8.080411808893311
8.080443630774292
8.08042075879734
8.080445122424962
8.080569426647493
8.080387942482565
8.08041081445953
8.08038495918122
8.080476447089051
8.080454569545877
8.080407831158187
8.080321315419232
8.080367059373168
8.080395400735926
8.080311868298304
8.08034369017931
8.08036855102384
8.080386450831893
8.080381478662993
8.080308387780077
8.080363081638042
8.080372528758955
8.080389931350132
8.080301923960493
8.080253693922087
8.080413300543979
8.080375512060305
8.080418272712883
8.080452083461426
8.080379489795432
8.080382473096774
8.080404350639949
8.080437166954718
8.080451586244537
8.080325790371242
8.080433189219589
8.080403356206174
8.080394406302144
8.080366064939389
8.080416781062214
8.080406339507515
8.080480922041057
8.080367059373167
8.080483408125511
8.080357612252248
8.080397389603489
8.080408328375071
8.080503794018012
8.080462525016124
8.08041578662843
8.080434183653377
8.080388439699457
8.080430205918253
8.080476944305937
8.08047495543838
8.080326287588138
8.080374020409634
8.080399875687936
8.080361092770481
8.080354628950902
8.080316343250328
8.080301426743604
8.080376506494089
8.080444625208074
8.080335237492157
8.080265627127469
8.080372031542069
8.080301923960496
8.080334740275282
8.080405842290622
8.0804172782791
8.0803387180104
8.080447608509415
8.080406836724404
8.080391920217693
8.080404847856846
8.080512743922027
8.080439155822276
8.080435178087155
8.080442636340509
8.080480424824172
8.080463519449902
8.080421753231118
8.080333745841498
8.080383467530558
8.080338718010399
8.080328773672594
8.080257174440323
8.080407333941297
8.080453077895209
8.08039490351903
8.080356120601579
8.080401367338602
8.0803914230008
8.08030192396049
8.080327779238813
8.080446116858736
8.080414294977762
8.080474955438374
8.0804277198338
8.080428714267583
8.080331259757047
8.08032579037125
8.08038843969946
8.080339215227296
8.080316343250315
8.080302918394276
8.08038893691635
8.080350651215772
8.080336729142843
8.080377500927872
8.08047644708905
8.08042473653246
8.08044064747295
8.080520699392267
8.0805042912349
8.080536610332755
8.080506777319348
8.080476944305937
8.080497827415329
8.080521693826052
8.080522688259817
8.080511749488252
8.080520202175377
8.080489871945082
8.080507771753126
8.080412306110196
8.080468491618786
8.080410814459526
8.080423742098679
8.080364573288714
8.080501307933558
8.080512743922034
8.080466502751245
8.080480424824172
8.080487883077515
8.080455066762772
8.080450591810752
8.08042622818313
8.080361589987374
8.080416283845324
8.080412803327093
8.080429708701365
8.080437664171601
8.080461530582344
8.080449100160086
8.080497330198439
8.080470977703255
8.080445619641852
8.080432692002704
8.080449597376978
8.080475949872154
8.080406339507514
8.08050279958423
8.080448602943195
8.080331756973928
8.0804376641716
8.080351148432667
8.080409820025743
8.080439155822281
8.080443133557404
8.08046103336545
8.080459044497886
8.080434183653376
8.080376009277197
8.080449597376976
8.08038893691635
8.080388439699453
8.080495341330872
8.080406339507517
8.080478435956612
8.080427222616905
8.080466999968136
8.080375014843417
8.080380981446101
8.080417278279102
8.080469486052587
8.080512743922029
8.080410814459514
8.08046401666679
8.08040932280886
8.080445619641853
8.080375512060305
8.080376506494089
8.080351645649559
8.080438658605386
8.080493849680208
8.0804381613885
8.080385953615009
8.080378992578538
8.080417775495995
8.080422250448006
8.080366562156273
8.08045705563033
8.080432692002708
8.080383467530552
8.080428217050693
8.08039888125416
8.080371037108293
8.080380981446101
8.080426228183129
8.080434183653376
8.08035960111981
8.080394903519037
8.080339215227298
8.080417278279098
8.08039987568794
8.080439653039162
8.08042225044801
8.080372528758957
8.080416283845324
8.080317337684107
8.080393411868366
8.080396892386597
8.080463519449903
8.080476944305937
8.08036059555358
8.080370539891401
8.080384461964332
8.080366064939376
8.080426725400022
8.080397389603483
8.080431200352036
8.080424736532459
8.080425233749349
8.080463519449898
8.080530146513183
8.080344187396202
8.080470480486369
8.080454569545878
8.080447608509415
8.080419267146658
8.080471474920149
8.080418272712883
8.080399378471048
8.080421256014228
8.08036805380695
8.080439155822278
8.080370539891403
8.080390925783913
8.080412803327091
8.080380484229211
8.080384461964336
8.080273085380831
8.080359103902916
8.080347667914436
8.080418769929773
8.080386948048789
8.08050130793356
8.080432194785812
8.08037700371098
8.080239771849142
8.080402858989283
8.080483905342403
8.0803655677225
8.080438658605388
8.080445122424964
8.080435675304047
8.080436172520933
8.080421256014228
8.080395897952819
8.080442636340509
8.080457552847221
8.080358606686028
8.080413300543983
8.08039390908525
8.080384959181226
8.080434183653379
8.080443630774292
8.080345181829983
8.080354131734007
8.080334740275282
8.080337226359733
8.080323304286793
8.080330265323267
8.080422747664901
8.080384959181218
8.080427719833802
8.080428217050693
8.08029844344226
8.080311371081416
8.08034866234821
8.080310873864526
8.080304410044942
8.080366562156279
8.080401367338611
8.080399378471048
8.080472469353928
8.080375014843419
8.080405842290626
8.080400870121721
8.080342695745527
8.080421256014228
8.080420758797336
8.080448602943186
8.080478435956609
8.08046103336545
8.080416283845322
8.080409322808856
8.08042473653246
8.080493849680204
8.080535615898976
8.080538101983425
8.080548543538109
8.080473463787706
8.080367059373168
8.080367059373168
8.08035164564956
8.08034766791443
8.080344187396202
8.08039291465147
8.080409820025741
8.080441144689843
8.080355623384683
8.080340209661076
8.080383467530554
8.080334740275278
8.08029894065915
8.080339712444188
8.080290487972002
8.080293968490244
8.080375512060305
8.08026065495856
8.080428217050693
8.08038843969946
8.080394903519032
8.080378992578536
8.08034070687797
8.08042821705069
8.080316343250324
8.080317834900995
8.080349656781998
8.0803337458415
8.080294962924023
8.08041379776087
8.08039987568794
8.08033324862461
8.08034219852864
8.080386450831897
8.080359601119804
8.080328773672592
8.080316840467212
8.080446614075635
8.080366064939383
8.080399875687938
8.080387445265675
8.080417278279105
8.08037799814476
8.080391423000798
8.08044164190673
8.080440150256061
8.080407831158189
8.080299437876045
8.080293471273352
8.080405842290626
8.080349159565108
8.080410814459528
8.08044114468984
8.08044412799118
8.080454072328989
8.080473961004595
8.080457055630331
8.080433686436487
8.08039092578391
8.080510257837577
8.080423244881791
8.080451586244537
8.080487385860634
8.080495838547767
8.080473463787708
8.080446614075635
8.080483408125504
8.080466005534355
8.080597270793323
8.080445619641852
8.080467497185023
8.080509760620687
8.08054655467055
8.080435178087157
8.080482910908623
8.080416781062215
8.080444625208072
8.080431697568924
8.080444127991184
8.0805042912349
8.080499319065998
8.080419764363556
8.080494844113986
8.080470977703255
8.080452580678319
8.08055848787591
8.080531140946961
8.08047594987216
8.080499319065998
8.080426228183129
8.080532135380738
8.080499816282883
8.080559482309692
8.080492855246424
8.080476944305934
8.080481916474833
8.080439653039171
8.080384959181224
8.080544068586102
8.080446614075633
8.080526168778063
8.080546554670557
8.080478933173502
8.080504291234897
8.080538599200315
8.08054953797189
8.080577382117733
8.080575393250166
8.08050826897002
8.080482910908621
8.080386948048782
8.080444625208072
8.080472966570818
8.080450094593868
8.080513241138917
8.080499816282888
8.08050727453624
8.080570918298163
8.080531140946965
8.080510257837581
8.080492358029536
8.080561471177255
8.080566940563044
8.080455066762768
8.080459044497891
8.080531638163853
8.080443133557402
8.080448602943196
8.08051174948825
8.080575393250172
8.080451586244537
8.080485396993064
8.08050677731935
8.080507771753116
8.080519207741602
8.08051075505447
8.080544565802994
8.080509760620691
8.080515230006482
8.0803809814461
8.080421753231116
8.080406836724407
8.08042622818313
8.080397886820373
8.080445619641848
8.080448602943198
8.080455066762768
8.080426725400018
8.080447608509415
8.08041330054398
8.080408825591967
8.08050727453624
8.080362087204263
8.080396892386597
8.080322309853015
8.080486888643746
8.080486391426854
8.080458050064111
8.08039788682038
8.08051373835581
8.08050677731935
8.080500810716666
8.080466999968133
8.08052766042873
8.080460038931674
8.080502302367336
8.080489374728193
8.080418769929777
8.080482413691728
8.080402361772386
8.080393909085256
8.080383467530554
8.080414294977762
8.080374517626526
8.080472469353928
8.080423244881791
8.080480922041057
8.080443630774292
8.080450094593866
8.080469983269476
8.080384959181227
8.080453575112097
8.080497827415316
8.080429211484473
8.080446614075635
8.080452083461426
8.08047744152283
8.080503296801117
8.080351148432667
8.080434680870253
8.0803441873962
8.080397886820377
8.080499816282888
8.08047744152283
8.08050826897002
8.080466999968136
8.08039738960349
8.080506280102458
8.08050279958423
8.080401367338611
8.080458050064111
8.080422250448008
8.080443133557402
8.080398384037267
8.080493352463314
8.08046948605258
8.080465508317461
8.08043915582228
8.080467994401902
8.080443630774292
8.080403853423059
8.080448105726306
8.08047396100459
8.080484899776183
8.080500313499776
8.080445619641855
8.080388936916352
8.080446614075635
8.080445122424965
8.080419267146665
8.08048291090862
8.080385953615007
8.080399378471048
8.080380981446103
8.080367059373168
8.080349159565108
8.080424239315569
8.080316343250328
8.080399875687938
8.08039937847105
8.080435675304049
8.08040087012172
8.080389434133236
8.080458050064113
8.08030739334629
8.080454569545877
8.0804535751121
8.08041330054398
8.080403356206169
8.080483905342394
8.080486391426854
8.080501307933558
8.080523682693615
8.08054854353811
8.080449100160081
8.08044561964185
8.080461530582335
8.080384461964336
8.080388439699455
8.080423244881787
8.0803705398914
8.080491363595755
8.08041131167642
8.080422250448004
8.08041031724264
8.080446614075635
8.08048639142685
8.080387942482572
8.080484402559291
8.080356617818465
8.080471972137039
8.080439155822281
8.080408328375073
8.080392914651474
8.08044412799118
8.080543074152324
8.080494346897092
8.08040932280886
8.080286013019993
8.0803282764557
8.0804123061102
8.080377003710979
8.080363081638046
8.080339712444186
8.080358606686026
8.080389434133243
8.080304410044949
8.080367059373168
8.080321315419228
8.080433686436473
8.080446614075633
8.08046600553435
8.08036705937316
8.080347170697546
8.080396892386597
8.08030092952671
8.080347667914436
8.0803123655152
8.080443630774289
8.080448602943195
8.080485396993069
8.080483905342401
8.080465011100573
8.080451586244537
8.08043617252093
8.080385953615007
8.080488380294414
8.080470977703257
8.080552521273235
8.080388439699457
8.08040335620617
8.080380484229211
8.08040534507373
8.080318829334777
8.080417278279105
8.080339712444186
8.080379489795428
8.08042175323112
8.080438161388498
8.080364076071826
8.080312862732084
8.080392417434584
8.080373025975854
8.080378495361648
8.080466502751245
8.080444625208072
8.080410814459528
8.080427222616912
8.080364076071826
8.080363081638042
8.080433686436477
8.080381975879886
8.08041379776087
8.0805092634038
8.080384959181222
8.080384959181226
8.080391423000805
8.080404847856833
8.080515230006482
8.080407333941295
8.080374517626517
8.080413300543983
8.080369545457613
8.080424736532459
8.080457055630324
8.08041379776087
8.080446614075635
8.080428217050686
8.080367059373167
8.080494844113984
8.080378495361648
8.080414792194647
8.080433189219585
8.080398881254155
8.080431200352034
8.0805042912349
8.080506777319348
8.080459044497891
8.080445122424964
8.080516224440261
8.080464513883676
8.080522688259833
8.080495838547769
8.080419267146661
8.080313359948981
8.080415289411542
8.080459541714783
8.08046799440191
8.080414294977764
8.080396395169707
8.08040932280886
8.08036158998737
8.080376009277195
8.080337723576623
8.080381478662995
8.080400372904831
8.080459044497893
8.080347170697543
8.080365567722497
8.080452580678314
8.080377003710973
8.08032479593747
8.08032579037125
8.0804431335574
8.08042573096624
8.080441641906729
8.0804277198338
8.080373523192746
8.080389434133238
8.080374020409636
8.080331756973935
8.080394903519034
8.080385953615009
8.080391920217691
8.080383467530552
8.080434680870269
8.080422747664892
8.080472469353928
8.080480424824172
8.080517716090924
8.080460038931674
8.080405345073736
8.080477938739719
8.080464513883683
8.08043517808715
8.080431200352027
8.080537107549643
8.08043766417161
8.080463519449902
8.080356617818465
8.080388439699457
8.080444625208075
8.080436669737827
8.080412306110196
8.080395897952817
8.080422250448004
8.080408328375077
8.080463519449902
8.080494346897098
8.080473463787708
8.080490369161973
8.080407831158189
8.080409322808856
8.080487883077522
8.080402361772391
8.080462525016124
8.0804739610046
8.080492358029536
8.080408328375078
8.080389931350132
8.080434183653377
8.08042374209868
8.08052020217538
8.080450591810758
8.080532632597633
8.08044213912362
8.080483905342403
8.080456061196545
8.08044164190673
8.080424239315567
8.080461033365452
8.080541582501644
8.080452083461429
8.08051672165715
8.080402858989283
8.080509760620687
8.080518213307819
8.080533627031416
8.080467994401914
8.080409820025748
8.080424239315569
8.080451586244537
8.080483408125511
8.080411808893311
8.08044064747295
8.080431697568924
8.080462027799234
8.080460536148564
8.080363578854934
8.080395897952814
8.080410814459526
8.080404847856846
8.0804535751121
8.080450094593866
8.0804431335574
8.080394406302146
8.080412306110198
8.080507274536238
8.080405345073732
8.080419764363553
8.080342198528635
8.08041876992977
8.080421256014226
8.080364076071826
8.080430703135145
8.080489871945082
8.080438161388498
8.080424736532457
8.080406339507512
8.080381975879883
8.080400870121721
8.080381975879881
8.080343690179312
8.080359103902914
8.080273582597721
8.080405345073734
8.08042374209868
8.080367059373168
8.080379489795428
8.080355126167794
8.080314851599654
8.08045158624454
8.080396395169707
8.08031137108141
8.080403853423064
8.080356617818465
8.080458050064111
8.08036457328871
8.080432194785809
8.080463022233014
8.080459541714779
8.080434680870267
8.080470480486362
8.080466005534353
8.0805042912349
8.080467497185026
8.080438658605383
8.080393909085254
8.080413797760867
8.080446116858743
8.080443630774294
8.080338718010408
8.080429708701365
8.080377998144746
8.080489871945083
8.080406339507514
8.080397886820377
8.080491860812645
8.080439155822278
8.080476447089048
8.080453077895193
8.080469486052584
8.08046202779923
8.080470480486364
8.080471474920147
8.080458547281
8.080436172520939
8.080438161388495
8.080397389603489
8.080494346897098
8.080477441522827
8.080415289411546
8.0803864508319
8.080455066762772
8.080361589987369
8.08043020591825
8.080482910908623
8.080477938739714
8.080445619641855
8.080544068586102
8.080432194785807
8.080466999968136
8.080428714267581
8.080452083461424
8.080428714267583
8.08054357136921
8.080400870121723
8.080401367338611
8.080517218874043
8.080517218874041
8.08051771609093
8.080471474920147
8.080513241138917
8.080466502751246
8.08041180889331
8.080435675304049
8.080401864555496
8.08039937847105
8.080395400735927
8.080417775495995
8.080446116858743
8.080440150256047
8.080506280102455
8.080392417434583
8.080448602943195
8.0804123061102
8.08041976436355
8.080387445265677
8.080377500927865
8.080472469353927
8.080410814459531
8.080419764363556
8.08035512616779
8.080432194785812
8.0804381613885
8.080524677127393
8.080503296801119
8.080463519449905
8.080383467530554
8.080435178087159
8.080418769929777
8.080437166954717
8.080471474920149
8.080461530582339
8.080357115035357
8.08040733394129
8.080433686436486
8.080404847856844
8.080381478662993
8.080457552847221
8.08045655841344
8.08049136359575
8.080463022233014
8.080494346897098
8.080543074152322
8.08047545265527
8.080409820025748
8.08046153058234
8.080476447089051
8.08045108902764
8.080521693826055
8.080490866378867
8.080492358029533
8.080464513883683
8.080526168778063
8.080489871945085
8.080485396993067
8.080455066762767
8.080416283845322
8.080469486052587
8.080420261580448
8.080402361772387
8.080366562156277
8.08042921148447
8.080394406302146
8.080513241138918
8.080431697568926
8.08043965303917
8.080445122424964
8.080440647472953
8.080423742098679
8.080472469353927
8.080375014843417
8.080331259757045
8.080360595553591
8.080348165131321
8.080284024152428
8.080405842290618
8.080438161388491
8.080477441522829
8.080441641906729
8.080458547281003
8.080528654862505
8.080523185476718
8.080375512060307
8.08047644708905
8.080499816282886
8.080507771753132
8.080494844113986
8.080476944305936
8.080535615898972
8.080493352463312
8.080518710524712
8.080474955438381
8.080427719833802
8.08044213912362
8.08060274017911
8.080479430390392
8.080511749488247
8.080502302367341
8.080563460044814
8.080476944305941
8.080558985092804
8.080472966570811
8.08050727453624
8.080433686436487
8.08051672165715
8.08041031724264
8.0804635194499
8.080451586244537
8.080466005534356
8.080489871945085
8.080454569545878
8.080564951695472
8.080520202175377
8.080502302367341
8.080471474920147
8.08045506676277
8.080470977703255
8.080392914651474
8.080372528758955
8.08041379776087
8.080437166954718
8.080425233749347
8.080456558413436
8.0804789331735
8.080504291234895
8.080441144689841
8.080489374728195
8.080422250448
8.080436669737827
8.080407831158182
8.080366064939382
8.080377500927868
8.080488380294417
8.080367059373168
8.080465508317465
8.080429211484473
8.080346176263761
8.080474458221488
8.080449597376976
8.080351645649563
8.08050230236733
8.080449100160086
8.080441144689843
8.080455066762765
8.080483905342396
8.080538599200313
8.08050528566868
8.080493849680204
8.080518710524709
8.080458547281003
8.080522688259833
8.08035114843267
8.080432194785812
8.0804789331735
8.080385456398117
8.080396892386597
8.080446614075635
8.080373025975852
8.080446614075635
8.080414294977762
8.080371037108293
8.080448602943195
8.080407831158185
8.080354628950905
8.080335237492172
8.080414294977762
8.080354628950905
8.080350153998891
8.08037252875896
8.080356120601573
8.080346673480657
8.08034915956511
8.080378495361652
8.080444625208075
8.080406836724404
8.080373523192746
8.080396395169709
8.080440647472951
8.080420758797336
8.080377003710979
8.08035015399889
8.080413797760867
8.080325293154358
8.080340209661076
8.080393411868366
8.080323801503686
8.080338220793516
8.08040435063995
8.080421256014228
8.08042473653245
8.080384959181218
8.0804018645555
8.080428714267581
8.080463022233014
8.08040087012172
8.080366064939387
8.080406339507515
8.080385456398114
8.080403853423062
8.080364076071817
8.08044064747295
8.080373025975852
8.080377003710973
8.080437166954711
8.080434183653376
8.080436669737827
8.080394903519037
8.080510257837581
8.080506280102462
8.080462027799236
8.080463519449905
8.080453077895202
8.08051075505447
8.080382970313666
8.080406339507517
8.080524677127391
8.080410317242636
8.080460536148557
8.080531140946965
8.080432692002704
8.080389931350128
8.080430205918253
8.080370539891398
8.080419267146658
8.080371037108293
8.080416781062214
8.080383964747446
8.08045606119655
8.080410814459524
8.080383467530558
8.080436172520939
8.080333248624608
8.080445122424962
8.08050180515045
8.080464513883681
8.080416283845315
8.080494844113986
8.080588320889307
8.080445619641848
8.080570421081271
8.080496832981547
8.08052616877806
8.080524179910501
8.08050727453624
8.080536610332755
8.08052169382605
8.08045655841344
8.08045059181076
8.080605723480447
8.080607215131124
8.08059379027509
8.080554510140793
8.08048191647484
8.080546554670557
8.080558487875914
8.080514235572702
8.08058334872041
8.080562465611033
8.080520202175384
8.08059279584132
8.080684780965917
8.080531140946961
8.08062014277026
8.080545063019885
8.080661908988992
8.080585337587971
8.080451586244537
8.08047097770325
8.080487883077524
8.080596276359548
8.080578873768397
8.08050081071667
8.080607215131122
8.080499319065998
8.080456558413442
8.080492855246426
8.080530146513176
8.080505782885568
8.080551029622566
8.080536610332755
8.080552024056344
8.080529152079398
8.08048141925795
8.08056346004481
8.080540090850985
8.080491363595756
8.080538599200308
8.080585337587971
8.080582354286625
8.08050329680112
8.080514732789588
8.080543074152326
8.080570421081273
8.080573901599506
8.080583348720403
8.08053661033275
8.08060224296222
8.080588320889309
8.080604729046675
8.08056992386438
8.080565946129255
8.08051970495849
8.080594784708879
8.080599259660879
8.080507274536243
8.080492358029536
8.080589812539976
8.080601248528447
8.080589315323088
8.080515230006478
8.080630584324945
8.08066290342277
8.080584840371081
8.080551526839454
8.080519207741604
8.080520202175377
8.080498821849105
8.08051473278959
8.080530643730073
8.080542079718542
8.080557493442136
8.080640528662734
8.080570918298163
8.080583845937298
8.080555504574574
8.080505782885572
8.080538599200311
8.080462525016124
8.080542079718542
8.080522688259832
8.080522191042943
8.080458547281001
8.080535118682084
8.080538101983425
8.080565448912365
8.080516224440263
8.080583348720412
8.080560476743475
8.080508766186911
8.080559979526585
8.080532632597633
8.080585834804856
8.080617159468916
8.0806082095649
8.080653456301869
8.080563460044798
8.080514235572702
8.080527163211839
8.080584343154191
8.080480424824172
8.080431200352034
8.080453575112095
8.080528157645624
8.080521693826048
8.08050230236734
8.080509760620687
8.080518213307817
8.080432692002708
8.080412803327087
8.08051224670514
8.080541582501654
8.08047644708905
8.080543571369214
8.080591801407538
8.08058185706974
8.080582851503522
8.08053710754964
8.080517218874043
8.080484899776183
8.080588320889307
8.080481916474838
8.080492855246412
8.08059329305821
8.080623126071595
8.080571912731942
8.080544068586105
8.080532135380743
8.080536113115864
8.080514732789593
8.080459541714779
8.080549537971892
8.08047843595661
8.080435178087155
8.080577879334621
8.0805838459373
8.080540588067874
8.080524677127393
8.080611690083133
8.080494844113987
8.08054456580299
8.080561968394143
8.080495838547765
8.080585337587971
8.080498324632217
8.080524179910496
8.080494346897089
8.080474955438381
8.080517218874038
8.080523185476723
8.080474955438378
8.080546554670553
8.080535615898969
8.080488877511286
8.080441144689836
8.080461033365452
8.080551526839454
8.080467994401914
8.080495838547764
8.080503296801112
8.080501307933558
8.080518213307816
8.080487385860634
8.080620639987146
8.0804789331735
8.080547051887441
8.080615170601357
8.080438161388496
8.080418769929773
8.080508766186908
8.080499319065996
8.080516224440261
8.080513241138922
8.080495838547769
8.08046153058234
8.080604729046671
8.080463519449905
8.08058185706974
8.08065445073565
8.080523682693613
8.080516224440261
8.08055003518878
8.080601248528444
8.080554510140791
8.080555504574567
8.0805838459373
8.080580862635962
8.080583348720412
8.080511252271362
8.080619645553368
8.080546057453661
8.080579370985292
8.080590806973754
8.08057937098529
8.080477938739719
8.0805291520794
8.080626109372933
8.080539096417205
8.080540090850983
8.080570421081267
8.080579868202184
8.080621137204036
8.08047943039039
8.080582354286628
8.080568929430603
8.080511252271352
8.080532135380745
8.080530146513185
8.08051224670514
8.080413797760867
8.08053362703141
8.080544068586102
8.08058334872041
8.080673344977457
8.080568929430603
8.080595281925765
8.080538599200317
8.080598762443994
8.080608209564906
8.080600751311557
8.08057191273194
8.080664395073438
8.080547051887445
8.080582354286632
8.080595779142657
8.080545063019885
8.080393909085252
8.080557990659026
8.080598265227101
8.080500313499778
8.080538599200311
8.080525174344283
8.080554012923905
8.080493352463314
8.080536610332752
8.080497827415327
8.080499816282888
8.080573404382607
8.080546057453661
8.08043766417161
8.080518710524714
8.08047992760728
8.080534621465189
8.080512743922034
8.080503296801119
8.080460038931674
8.080584343154191
8.080516721657153
8.080539096417194
8.080615170601357
8.0805192077416
8.080511252271362
8.080503794018005
8.08051174948824
8.080543571369214
8.080470977703257
8.080592298624426
8.080587823672422
8.080495341330872
8.080523185476721
8.080520202175384
8.080540090850981
8.080554510140791
8.080486888643744
8.08057340438261
8.080538599200311
8.080487385860634
8.080467497185026
8.080511252271357
8.080572409948832
8.080534124248304
8.080478435956612
8.080481916474843
8.080529649296293
8.080539096417207
8.080427222616906
8.080493352463316
8.080499319065998
8.080520202175379
8.080533129814524
8.080563460044813
8.080489374728195
8.080440150256061
8.080578376551507
8.080642020313407
8.080623126071588
8.080507771753132
8.080532135380745
8.080511252271362
8.080576884900841
8.080542576935425
8.080543074152319
8.080446614075635
8.080478435956602
8.08050180515044
8.080540588067871
8.080482910908623
8.080532135380736
8.080601248528444
8.080516721657146
8.080551029622562
8.080535615898972
8.08050130793356
8.080611690083126
8.08055202405634
8.080498324632218
8.080589812539978
8.080615667818249
8.080570918298159
8.080504291234893
8.080543571369212
8.08051075505447
8.080522191042945
8.080449597376978
8.080475452655264
8.080555504574571
8.080492358029536
8.0804684916188
8.080477938739714
8.08051821330782
8.080516721657148
8.080578873768403
8.080595281925767
8.080522191042943
8.080521196609164
8.080601248528447
8.08051174948825
8.080592795841318
8.080589315323087
8.080536610332755
8.080624617722265
8.0805192077416
8.080438161388493
8.080429708701365
8.080449100160083
8.0805241799105
8.080410317242638
8.080468491618808
8.080392417434583
8.080479430390392
8.080472469353927
8.080502302367341
8.080464513883678
8.080543571369214
8.080463022233014
8.080458050064104
8.080548543538114
8.08051075505447
8.080534124248295
8.080555007357683
8.080459044497893
8.080481419257952
8.080456061196548
8.080466999968136
8.080497827415329
8.080466502751245
8.080420261580448
8.080563460044809
8.080602242962224
8.08057141551505
8.080504788451789
8.080458050064111
8.080514732789593
8.080522191042943
8.080501805150446
8.080495341330879
8.080543571369214
8.080531140946965
8.080505782885568
8.080542079718546
8.080559979526575
8.080598265227108
8.080621634420927
8.080567437779928
8.08052169382605
8.080549040755002
8.080541582501654
8.080595779142657
8.080552521273235
8.080572409948834
8.080558985092802
8.080540090850983
8.080596276359543
8.080571912731942
8.080548543538113
8.080587823672417
8.080488877511305
8.080547051887445
8.080539593634086
8.080545063019883
8.080491860812641
8.080543074152326
8.08057290716572
8.080536610332755
8.080609701215574
8.080540090850986
8.080641523096515
8.080581857069737
8.080522688259832
8.080599259660888
8.080605226263563
8.080624617722268
8.080540588067874
8.080579370985289
8.080631081541833
8.080529152079405
8.080525174344283
8.08059130419065
8.08051473278959
8.080620639987147
8.080621634420925
8.08065345630187
8.080565946129264
8.080575890467061
8.08058334872041
8.080554012923907
8.080525671561174
8.080624120505375
8.0806276010236
8.080648981349862
8.080643014747181
8.080580862635962
8.080519207741593
8.080532632597631
8.080605723480454
8.080573404382614
8.080550532405674
8.080535615898974
8.080584343154186
8.080578376551513
8.080556499008354
8.08057191273194
8.080609203998682
8.080597768010216
8.080593293058206
8.080581359852843
8.08061616503514
8.08063804257829
8.080552024056342
8.080651467434313
8.080594287491989
8.080564951695486
8.080560476743475
8.080628595457386
8.080553018490123
8.080560476743472
8.08058185706974
8.080591801407534
8.08065395351876
8.080595281925769
8.080603237396
8.080515230006482
8.080607215131124
8.08057787933462
8.080582354286632
8.080606220697343
8.080564951695482
8.080546057453665
8.080574398816394
8.080560476743473
8.080557493442132
8.080643511964075
8.080522688259833
8.080657931253876
8.080603734612893
8.080558487875912
8.080669367242338
8.080643511964075
8.080691244785482
8.080673842194347
8.080635556493837
8.080643014747189
8.080671356109898
8.080599756877774
8.08059329305821
8.080634064843172
8.080685775399699
8.080604729046673
8.08065395351875
8.080560973960361
8.080537107549645
8.080527660428734
8.080540588067874
8.080543571369212
8.080567437779928
8.080537107549647
8.08061467338447
8.08061566781825
8.080645500831634
8.08061616503514
8.080496335764657
8.080650970217418
8.080559482309694
8.080601745745328
8.080566940563044
8.080522191042943
8.080554510140793
8.080572907165717
8.080535615898976
8.080501805150446
8.080587823672417
8.080563460044814
8.080580365419072
8.080615170601353
8.080653456301873
8.080575890467061
8.080550035188784
8.080539593634093
8.080469983269472
8.080603237396007
8.080587326455529
8.080570421081273
8.080538599200311
8.080539096417203
8.080485396993074
8.08056793499682
8.080517716090931
8.080524677127388
8.080557493442136
8.080524677127393
8.080495838547764
8.080482413691731
8.080524179910505
8.080448105726298
8.080537604766535
8.080588320889303
8.080572907165722
8.080610695649353
8.080559979526585
8.08053710754964
8.080587326455529
8.08055699622524
8.080607215131122
8.080542079718546
8.080530643730068
8.08052368269361
8.08044711129252
8.08051721887404
8.080550035188784
8.080538599200304
8.080486888643746
8.080517218874038
8.080516721657153
8.080536610332755
8.080495341330879
8.080523185476721
8.080623126071597
8.080526168778064
8.080486391426849
8.080493849680204
8.08043766417161
8.080500810716666
8.08050628010246
8.080505782885572
8.080531140946965
8.080494844113986
8.080490369161971
8.08044015025606
8.080522688259828
8.080529152079405
8.080550035188786
8.080532632597636
8.080486888643746
8.080462525016124
8.080461530582342
8.080486391426852
8.080498324632211
8.080442636340504
8.08046600553435
8.080471474920147
8.080520699392274
8.080435178087159
8.080495341330868
8.080477441522829
8.080487385860636
8.08048141925795
8.080494844113986
8.080566940563044
8.080539593634095
8.080421256014224
8.080564951695482
8.080515230006482
8.080502799584226
8.080512246705142
8.080440647472948
8.080416283845324
8.080431200352033
8.080478435956612
8.080498821849105
8.080577382117733
8.080477441522829
8.080557493442134
8.080548046321217
8.08046501110057
8.080543074152324
8.080553515707011
8.080575890467061
8.0805639572617
8.080550532405674
8.080526168778063
8.080567934996816
8.080602242962222
8.080616165035137
8.080524179910503
8.080532632597633
8.080604231829783
8.080500313499778
8.080473961004598
8.080549040755002
8.080587823672419
8.080541085284764
8.080556499008352
8.08056495169548
8.080522191042943
8.080477441522829
8.080535118682079
8.080555007357681
8.080596773576437
8.080602740179115
8.08052716321184
8.080604231829783
8.080537604766532
8.080558487875912
8.080558985092802
8.080563460044814
8.080467994401912
8.080532632597635
8.080485396993074
8.0805092634038
8.080494346897092
8.080532632597633
8.080579868202179
8.080458050064111
8.080415786628432
8.080491860812645
8.080476447089048
8.080547549104333
8.080526168778063
8.080549040755002
8.08055749344213
8.080512743922021
8.080534124248304
8.080478435956612
8.080508268970016
8.080538599200315
8.080520202175377
8.080463519449902
8.080497827415327
8.080621634420927
8.080551029622562
8.080477938739719
8.080557493442134
8.080533627031414
8.080535615898972
8.080546057453661
8.080517716090931
8.080514732789583
8.080529649296293
8.080436669737828
8.080512743922025
8.080518710524712
8.080573901599502
8.080575393250172
8.080532135380745
8.080510755054469
8.080607712348014
8.080494844113987
8.080547051887441
8.080493352463316
8.080532135380743
8.080556001791464
8.080467497185026
8.080483408125511
8.0805982652271
8.080560476743473
8.08048291090862
8.080487883077526
8.080541085284763
8.080491860812645
8.080570918298164
8.08046252501612
8.080481419257952
8.080519704958492
8.080512743922032
8.080541582501654
8.0805092634038
8.080489374728193
8.080445619641848
8.080543571369214
8.080487883077522
8.080507771753132
8.080558985092805
8.080488380294407
8.080481916474842
8.080464016666795
8.080493352463316
8.08043617252094
8.080423742098677
8.080414294977762
8.080505782885568
8.080492855246426
8.080433189219596
8.080442636340514
8.080453575112083
8.08047246935393
8.080461530582342
8.080487883077517
8.080530643730073
8.080510257837577
8.080544565802995
8.080443630774292
8.080466005534356
8.080488380294412
8.080498324632217
8.080547549104336
8.08059229862443
8.080502302367337
8.080508766186911
8.080489871945085
8.080568929430603
8.080521196609155
8.080445619641855
8.080482910908621
8.080530146513185
8.080563460044813
8.080536610332752
8.080495838547767
8.08058135985285
8.080597768010215
8.080446614075626
8.080568432213711
8.080592795841316
8.080522191042938
8.080477938739719
8.080407333941293
8.080479430390389
8.08051075505447
8.0804839053424
8.080511749488247
8.080538599200315
8.08047793873972
8.080421256014228
8.080401367338611
8.080441144689837
8.080411808893311
8.080522688259833
8.080459044497891
8.080527163211846
8.080530146513183
8.080608706781794
8.080513738355812
8.080566940563044
8.08055102962256
8.080518710524712
8.08053064373007
8.080524677127384
8.080552521273235
8.080581857069742
8.080515230006482
8.080459044497895
8.08053014651318
8.080562962827925
8.080609203998684
8.080626606589826
8.080514235572695
8.080482910908621
8.080567934996822
8.080492358029536
8.080601248528446
8.080495341330872
8.080564454478596
8.080547549104336
8.080535118682084
8.08050677731935
8.08051274392203
8.080505782885572
8.080595281925769
8.08058832088931
8.080519207741597
8.080445122424964
8.080547051887441
8.08045954171478
8.08048092204106
8.080533627031414
8.080479927607279
8.080575393250172
8.080599259660886
8.080576884900841
8.080523682693611
8.08063903701207
8.080566940563042
8.08051274392203
8.080462525016124
8.080536610332748
8.080551029622562
8.08050081071667
8.080527660428734
8.080539096417203
8.080490866378867
8.080482910908623
8.080509760620691
8.080482910908623
8.08051473278959
8.080525174344283
8.080495838547757
8.080540090850983
8.080489374728195
8.080533627031413
8.08058583480486
8.080504291234897
8.08057937098529
8.08053213538073
8.080571912731939
8.080494346897096
8.080493849680204
8.080559979526583
8.080527660428734
8.080564951695484
8.080593293058202
8.080501805150448
8.080570918298164
8.080565946129264
8.080580862635962
8.080541582501656
8.080605226263563
8.080598265227104
8.080564454478594
8.080592298624426
8.080516224440261
8.080463519449903
8.080356617818465
8.080458547281003
8.080378992578536
8.08041131167642
8.080441641906733
8.080444127991184
8.08038794248257
8.080482413691728
8.080395897952815
8.080401864555503
8.080461530582339
8.0804789331735
8.080458547281
8.08050478845179
8.08047644708905
8.080580365419069
8.080525671561169
8.080463022233014
8.08052020217538
8.080527660428732
8.080479927607284
8.080497330198435
8.080526168778063
8.08050727453624
8.080494844113986
8.08044164190673
8.080477441522822
8.080428217050686
8.08050677731935
8.08048688864374
8.080466502751237
8.080429211484473
8.080474458221481
8.080473961004598
8.080475949872147
8.080467994401914
8.080402361772393
8.080424239315569
8.080488380294412
8.08047197213704
8.08057340438261
8.08057439881639
8.080581857069744
8.080546554670546
8.08048191647484
8.080426725400022
8.080536113115866
8.080409820025748
8.080469983269477
8.080524179910503
8.080557493442134
8.080534124248304
8.080541582501654
8.080562962827917
8.080524179910492
8.08053163816385
8.080515727223371
8.080463022233014
8.080486391426854
8.080474955438381
8.080529649296293
8.080493352463312
8.080479430390382
8.080477938739717
8.080543571369216
8.080553018490123
8.08051771609093
8.080482910908621
8.080489374728192
8.080552521273235
8.080507771753128
8.08054207971854
8.08056793499682
8.080527163211842
8.080616165035138
8.080514235572702
8.08049285524642
8.080524677127388
8.080431200352036
8.080380484229211
8.080330265323264
8.080414294977762
8.080562465611026
8.080435675304045
8.080496832981547
8.080476944305941
8.080474458221483
8.080485894209964
8.080512246705142
8.080498324632215
8.080432692002708
8.080384959181222
8.08050677731935
8.080463022233014
8.080565448912372
8.080510755054469
8.080377998144757
8.080516224440261
8.080410814459528
8.08047545265527
8.080511749488236
8.08052020217538
8.080518213307819
8.08050279958423
8.080495838547767
8.080521196609162
8.080561968394143
8.080521693826052
8.08049683298154
8.08064052866274
8.080486391426854
8.080462027799234
8.080455066762768
8.080492358029533
8.080481419257952
8.080543074152324
8.0805092634038
8.080494844113987
8.080551526839454
8.080485396993074
8.080543074152322
8.080491363595756
8.080527660428736
8.080455563979656
8.080482910908616
8.080483408125513
8.080518213307824
8.080628595457386
8.080494844113986
8.080532135380745
8.080499816282886
8.080430703135145
8.080557990659015
8.080456558413433
8.080552024056344
8.08053114094696
8.080574398816394
8.080493849680204
8.080527660428727
8.080550035188782
8.080550532405676
8.080544565802995
8.080518213307819
8.080503794018005
8.080463519449898
8.080493352463316
8.080543074152324
8.080538599200315
8.080481916474838
8.080492358029533
8.0803914230008
8.080541582501652
8.080518710524705
8.080512246705139
8.080530146513178
8.080504291234893
8.080462525016124
8.080499816282888
8.080540090850985
8.080491363595755
8.080474955438378
8.080588818106198
8.080508766186911
8.08047545265527
8.08050180515045
8.080508766186908
8.080544068586104
8.08055102962256
8.080538101983416
8.080631081541833
8.080588320889305
8.080570918298164
8.080562465611033
8.080519207741602
8.08055550457457
8.080565946129264
8.080549040755004
8.080533129814524
8.080556996225244
8.080475452655268
8.080432194785814
8.08051274392203
8.080559979526578
8.080532632597633
8.080562465611036
8.080552521273232
8.08053760476652
8.08046053614856
8.080497827415329
8.08050081071667
8.080550532405672
8.080531140946965
8.080550035188786
8.080562465611031
8.080492855246426
8.080551526839455
8.080444625208074
8.080517218874043
8.08051075505447
8.080477441522833
8.080491363595755
8.080531140946965
8.080483408125515
8.080510257837581
8.08041131167642
8.080537604766528
8.080518710524712
8.0805291520794
8.080561968394145
8.080525671561174
8.080491363595756
8.080610695649353
8.080469983269476
8.080427222616912
8.080440150256058
8.080501307933558
8.080588320889309
8.080552521273232
8.08053859920031
8.080470977703257
8.080565946129264
8.08057738211773
8.080496335764655
8.080512743922029
8.08054158250165
8.080603734612893
8.080539096417201
8.080618651119584
8.080561968394141
8.080514732789592
8.080484899776181
8.08048191647484
8.0804888775113
8.080464016666795
8.080511252271362
8.080552024056345
8.080523185476723
8.080505782885572
8.08053710754964
8.080544068586102
8.080628595457384
8.080522688259823
8.080524179910503
8.080546554670553
8.080523185476723
8.080541085284763
8.080519704958492
8.080647986916082
8.080465508317463
8.08050130793356
8.08051373835581
8.080500810716659
8.080452580678317
8.08050279958423
8.080466502751245
8.080466005534356
8.080493352463316
8.080540090850976
8.080572907165724
8.080586829238639
8.080551029622562
8.080478933173497
8.08053064373007
8.080560476743475
8.080509263403798
8.080492855246423
8.080343690179312
8.080529649296293
8.080494346897098
8.0805788737684
8.080585834804857
8.080535118682084
8.080519207741602
8.080535118682084
8.080490866378854
8.08042175323112
8.080464016666786
8.080547549104333
8.080514235572702
8.08058931532309
8.080658428470768
8.08058931532309
8.080552024056344
8.080557990659017
8.080632075975606
8.080567934996816
8.0805689294306
8.080513241138922
8.080531140946965
8.080531140946965
8.080627601023602
8.08058981253998
8.08060771234801
8.080488380294414
8.080572907165722
8.080618153902693
8.080709641810397
8.08051473278959
8.08057439881639
8.08060870678179
8.080601745745334
8.080544565802997
8.080598265227108
8.080539593634093
8.080610695649348
8.080613678950689
8.080586332021749
8.08050329680111
8.080548543538114
8.080514732789592
8.080539096417207
8.080618651119588
8.080598762443996
8.080533129814517
8.080533627031413
8.080549040755008
8.080564951695484
8.080567437779933
8.080571415515054
8.080556996225239
8.080620142770242
8.080532135380745
8.080612684516913
8.080625612156046
8.080570918298164
8.080576884900832
8.080625114939155
8.08051821330782
8.080614673384469
8.080552521273235
8.08056694056304
8.080579868202182
8.080582851503513
8.080587823672417
8.080586829238634
8.080560973960365
8.080651964651196
8.080557493442134
8.080514732789576
8.080595779142657
8.080619645553364
8.080552024056344
8.080492358029536
8.080558487875914
8.080611192866241
8.0806131817338
8.080662406205883
8.080674836628125
8.080642020313407
8.08061517060136
8.080488877511305
8.080561968394143
8.080587823672415
8.080636053710728
8.080561968394141
8.08061865111959
8.080595779142653
8.080565946129264
8.080514235572698
8.080596276359545
8.08063804257829
8.080594287491984
8.0805838459373
8.080543571369198
8.080537604766532
8.080499816282886
8.080534124248304
8.08051871052471
8.080574896033282
8.08051423557268
8.080592795841318
8.080589315323087
8.080535118682084
8.080550532405676
8.080581359852848
8.0805838459373
8.08060870678179
8.08067881436324
8.080581359852848
8.080619645553366
8.080575393250172
8.080536113115862
8.08063903701207
8.080609203998675
8.080567437779932
8.080601745745335
8.080643511964077
8.080647489699194
8.08063853979518
8.080652959084981
8.080674836628123
8.08068726705036
8.080646495265414
8.080558985092795
8.08070367520772
8.080634064843169
8.080527163211842
8.080554012923905
8.080618153902696
8.08055649900835
8.080621634420927
8.080497827415329
8.080513738355812
8.080532135380745
8.080502799584227
8.0805142355727
8.080534621465196
8.080544565802992
8.080545063019885
8.080566443346145
8.080618651119591
8.080600254094668
8.08060472904667
8.080648484132972
8.080660914555216
8.08069373086992
8.080628098240496
8.080701686340161
8.08068378653214
8.080572907165722
8.080677322712575
8.080645998048524
8.080584343154191
8.080703675207717
8.080652461868086
8.080701686340161
8.080562962827925
8.0806808032308
8.080607215131122
8.080643511964071
8.080615667818252
8.080652461868086
8.080640031445848
8.08062113720404
8.080620142770256
8.080567437779933
8.080635556493844
8.080643014747187
8.0805888181062
8.08067036167612
8.080589315323088
8.080676328278795
8.080634562060055
8.080600254094664
8.080510257837581
8.080537107549645
8.080591304190644
8.080546057453667
8.080541085284764
8.080607712348014
8.080555504574574
8.080543571369214
8.080658428470764
8.080526168778059
8.080598265227108
8.080664892290335
8.080709641810394
8.08065594238631
8.080594784708877
8.080612684516911
8.080627103806712
8.080574896033282
8.080566940563044
8.08060671791423
8.080540588067857
8.080548046321224
8.080646992482302
8.080535615898967
8.080603237396007
8.080684780965912
8.080560973960358
8.080607215131124
8.080657931253874
8.08063704814451
8.080642020313407
8.080666881157889
8.080572907165719
8.080574398816392
8.08059229862443
8.080444625208072
8.080617159468916
8.08050677731935
8.08053661033275
8.080584343154191
8.080520699392267
8.080623126071593
8.080572907165722
8.080582354286632
8.080518213307817
8.080556996225244
8.080544068586102
8.080526168778064
8.080502302367336
8.080650473000523
8.080617656685801
8.080554510140795
8.080631081541833
8.080526168778064
8.080548543538113
8.080554510140797
8.080567437779935
8.080541085284763
8.08045606119655
8.080481419257952
8.080480922041064
8.080498324632218
8.080495341330872
8.080539593634088
8.080504788451789
8.080558487875912
8.080567437779935
8.080618651119588
8.080546057453661
8.080563957261703
8.080619148336478
8.080596276359541
8.080631578758725
8.080560973960365
8.080488877511305
8.080549040755004
8.080496335764657
8.080490866378861
8.080657931253876
8.080552024056331
8.080617656685808
8.08053263259763
8.080491860812648
8.080594784708873
8.080545063019876
8.080518710524691
8.080573901599502
8.080539593634095
8.080594287491989
8.080528654862514
8.080595779142657
8.080538101983421
8.080497330198435
8.080594784708875
8.080503794018009
8.080489374728195
8.08061566781825
8.080550532405672
8.080612684516913
8.080576884900841
8.080630584324945
8.080534621465192
8.080538599200311
8.080473463787705
8.080537604766535
8.080521196609164
8.080565448912372
8.080634064843167
8.080556001791463
8.080620639987144
8.080623126071599
8.08048937472819
8.080603734612893
8.080644009180965
8.080604729046671
8.080568929430603
8.08063555649384
8.080549040755004
8.080562465611031
8.080650970217423
8.080642517530299
8.080530146513185
8.080618651119586
8.08069373086993
8.080629589891153
8.080690250351699
8.080606717914234
8.080584840371081
8.080611690083128
8.080625612156046
8.080527660428727
8.080572907165719
8.080665389507223
8.080683786532134
8.08065345630187
8.080620142770249
8.080615170601362
8.080545063019883
8.080633070409393
8.080575890467063
8.080660417338322
8.080555007357683
8.080555504574574
8.080525174344283
8.080557493442136
8.080528157645624
8.080550532405669
8.0805241799105
8.080603734612891
8.08062063998714
8.08051821330782
8.080487883077522
8.080548543538116
8.0805888181062
8.080514732789593
8.080555504574574
8.08060423182978
8.080561471177255
8.080565448912376
8.080453077895209
8.080548046321224
8.08058135985285
8.080547051887441
8.080463022233012
8.080502302367337
8.080531140946965
8.080467994401914
8.080584343154193
8.080572907165719
8.080622628854705
8.080432194785812
8.08052219104294
8.080494346897096
8.080498324632215
8.080572907165724
8.080568929430603
8.080469486052584
8.080562962827921
8.080538101983425
8.080500810716664
8.080543074152319
8.080564454478592
8.080498821849103
8.080507274536238
8.08045655841344
8.080563957261703
8.080482910908621
8.080479927607284
8.080499816282888
8.080555504574571
8.080476447089048
8.080486888643746
8.080497330198433
8.080493849680204
8.080444127991186
8.080466999968136
8.080476447089046
8.080540588067874
8.080593293058206
8.080583845937293
8.08052964929629
8.080524677127386
8.080503794018007
8.080590309756865
8.080517716090931
8.08058832088931
8.080566443346152
8.08057290716571
8.080541085284764
8.080508268970013
8.080555504574573
8.080488380294412
8.080479430390389
8.080586829238639
8.080519704958489
8.080460536148559
8.080580862635955
8.080582851503516
8.080536113115864
8.080602740179113
8.08050826897002
8.080541085284766
8.080478933173497
8.080519704958492
8.08047843595661
8.080490369161975
8.080488877511302
8.080471972137033
8.080472966570822
8.080456558413436
8.080433686436487
8.080517218874043
8.08050180515045
8.080521196609162
8.080451586244532
8.080540090850986
8.080524677127395
8.080496335764657
8.08056495169548
8.080490369161977
8.080483905342403
8.08052964929629
8.080510755054469
8.080491363595755
8.080536113115862
8.080521693826054
8.080523185476721
8.080412803327086
8.08047793873972
8.080427222616912
8.080544565802995
8.080577382117731
8.080489871945083
8.080507771753128
8.08047545265527
8.080502302367341
8.080492358029531
8.080485894209964
8.08050727453624
8.080493849680204
8.080437166954717
8.080527163211844
8.080455563979655
8.080372528758959
8.080451586244537
8.08052119660916
8.080449597376976
8.08046401666679
8.080442139123624
8.080504788451789
8.080431200352033
8.08046003893167
8.080485396993074
8.080473463787703
8.080409820025743
8.080516721657153
8.080482910908621
8.08051274392203
8.080538599200315
8.080497827415327
8.08047943039039
8.080468988835692
8.080449100160086
8.080582354286625
8.080473463787703
8.080455563979656
8.080425233749352
8.08042423931556
8.080472469353928
8.080495341330867
8.080487883077524
8.080468491618804
8.080513241138917
8.080561968394143
8.080381975879883
8.08055003518878
8.080494346897092
8.080482413691731
8.080469486052587
8.080505782885568
8.080474458221483
8.080478933173488
8.080463519449902
8.080444127991177
8.08044213912362
8.080446614075635
8.080439155822281
8.080432692002704
8.0804789331735
8.080377500927865
8.080418272712883
8.080407333941297
8.080432692002704
8.080500313499776
8.080524179910496
8.080412306110189
8.080392417434581
8.080418769929773
8.080479430390385
8.080425730966242
8.08039092578391
8.08044363077429
8.080422250448004
8.08043766417161
8.080407333941297
8.080513738355807
8.080449100160086
8.080560476743473
8.0804789331735
8.080437166954715
8.080532632597633
8.080548046321224
8.080483905342394
8.08045357511209
8.080578376551513
8.080429708701354
8.080485894209964
8.080565448912369
8.080455066762768
8.080551526839454
8.080502799584226
8.080531638163848
8.080513241138922
8.080497827415327
8.08047495543838
8.080517218874043
8.080496335764655
8.080497827415325
8.080436172520939
8.08048688864374
8.080524179910501
8.080537604766532
8.080450094593862
8.080431697568924
8.080520202175375
8.0804684916188
8.08059080697375
8.080451586244537
8.080469983269479
8.080459044497893
8.080344187396202
8.080347170697545
8.080369545457621
8.080357115035357
8.08043716695472
8.080388936916348
8.080393411868362
8.080470977703257
8.080469983269468
8.080437664171608
8.080474458221488
8.080458050064111
8.080410814459526
8.080449597376978
8.080426725400022
8.080468988835696
8.080432692002704
8.080371037108291
8.080382970313664
8.08041479219465
8.080465508317465
8.080460536148562
8.080493352463316
8.080475949872161
8.080465508317465
8.080508268970021
8.080421256014226
8.080388439699453
8.080376506494082
8.080431697568924
8.08047594987215
8.080460038931674
8.080448602943195
8.080441641906729
8.080551526839455
8.080492358029531
8.080492358029536
8.080345679046873
8.080376009277199
8.080484899776183
8.080497330198435
8.080377500927868
8.080468988835696
8.080444127991177
8.080416781062214
8.080415786628434
8.080468988835698
8.080453077895209
8.0803968923866
8.080381975879883
8.080369545457621
8.0804381613885
8.08047644708905
8.080496832981545
8.08045755284722
8.080438658605384
8.080511252271359
8.080416781062217
8.080512246705135
8.0804789331735
8.080487883077524
8.080526168778063
8.080540090850985
8.080466005534348
8.08047744152283
8.08041528941154
8.08050130793356
8.080423244881784
8.080437166954717
8.080448602943191
8.080491363595753
8.080431697568926
8.08045357511209
8.080405842290615
8.080471972137035
8.080355126167794
8.080459541714783
8.08045108902765
8.080438658605388
8.080408328375077
8.080486391426852
8.080523682693611
8.080461530582342
8.08056594612926
8.080513738355812
8.080543571369216
8.080527660428736
8.080446614075628
8.080511252271355
8.080403853423059
8.080462525016122
8.080491860812646
8.080507771753128
8.080461530582339
8.080374020409637
8.080468491618804
8.08045556397966
8.080538101983423
8.080433686436487
8.080468491618808
8.08051473278959
8.080428217050688
8.0804277198338
8.08051970495849
8.080492358029536
8.080488877511305
8.080476447089042
8.080489374728195
8.08046103336545
8.08050130793356
8.080482910908623
8.080473961004598
8.080492358029536
8.080552024056344
8.080473961004595
8.080517716090931
8.08040335620617
8.080446116858743
8.080483408125515
8.080567437779935
8.080545063019885
8.080466502751245
8.080399378471048
8.080341204094859
8.080455563979653
8.080434183653376
8.080403853423052
8.080405345073736
8.080345181829982
8.080396892386597
8.080399378471043
8.080399875687933
8.080446614075633
8.080437166954718
8.080417278279102
8.08042523374935
8.080417278279105
8.08042821705069
8.080442636340514
8.08041479219465
8.080488380294414
8.080498324632217
8.080489374728195
8.0804839053424
8.080415289411544
8.080483905342403
8.080453077895209
8.08043965303917
8.080469983269476
8.080469486052587
8.080542576935434
8.080469486052587
8.080387942482567
8.08041379776087
8.080385953615005
8.080398384037268
8.080483905342401
8.080452083461426
8.080459044497891
8.080425233749352
8.08045655841344
8.080323304286795
8.080469983269479
8.08039291465147
8.080448602943191
8.080470480486367
8.080397389603489
8.080407333941293
8.080468491618804
8.080409820025748
8.080391920217693
8.080418272712885
8.08043766417161
8.080474955438376
8.080390428567021
8.080418769929771
8.080473961004598
8.080496335764648
8.080450094593866
8.080513241138918
8.080530643730073
8.080400372904828
8.080416781062217
8.08032777923881
8.080327282021923
8.080343690179303
8.080430703135145
8.080410317242638
8.080425730966242
8.080485894209955
8.080376506494089
8.080417278279098
8.080395400735929
8.080482910908616
8.080489871945082
8.080397389603485
8.08037899257854
8.08036357885493
8.080352142866445
8.080380484229204
8.080437166954718
8.08044561964185
8.080468491618808
8.080422250448008
8.08045556397966
8.080578376551513
8.080490369161971
8.080469983269476
8.080538599200308
8.080498324632215
8.080543571369214
8.08057340438261
8.080513241138917
8.080497330198435
8.080521693826054
8.080553515707017
8.08050528566868
8.080432692002699
8.080432194785809
8.08047545265527
8.080461033365452
8.080497827415323
8.080497330198439
8.080525174344283
8.080479927607277
8.08044363077428
8.080354131734014
8.080485396993074
8.080446614075631
8.080488380294414
8.080429708701365
8.080508766186911
8.08051473278959
8.080422250448008
8.080451089027648
8.080394406302146
8.080450094593862
8.080442636340512
8.080470480486367
8.080544068586105
8.08057937098529
8.08063505927695
8.080572907165722
8.080556499008352
8.080518213307824
8.080373025975854
8.080442139123624
8.080556001791463
8.080581359852845
8.080499816282883
8.080546057453661
8.080575890467061
8.080582851503522
8.080549040755004
8.08047495543838
8.080466005534356
8.080426228183127
8.080459044497891
8.080460038931674
8.080449100160086
8.080469486052587
8.080573901599502
8.080521196609164
8.08060970121557
8.080562962827921
8.080582354286632
8.0805042912349
8.08053462146519
8.080465011100557
8.08061865111959
8.080595281925765
8.08045606119655
8.080488380294412
8.080563460044814
8.08042573096624
8.0803809814461
8.08048241369173
8.080534124248302
8.080524179910503
8.080525671561174
8.08050478845179
8.080474955438378
8.080522191042943
8.080454072328987
8.080521196609162
8.080481419257952
8.0805042912349
8.080489871945085
8.080475452655262
8.080531638163855
8.08050677731935
8.080553018490116
8.080594784708879
8.080499816282888
8.080498324632217
8.080541085284764
8.080530643730073
8.080474955438381
8.080497330198435
8.080518710524712
8.080539096417205
8.080499816282883
8.080464016666793
8.080500810716666
8.080513738355807
8.080465508317465
8.080519207741595
8.08048092204106
8.080571415515054
8.080507771753128
8.08051025783758
8.080529152079405
8.080533627031407
8.080452083461429
8.080497827415327
8.080513241138922
8.08047992760728
8.080493352463316
8.080449100160086
8.080469983269477
8.0804734637877
8.080496335764654
8.080358109469138
8.080422250448004
8.080473961004591
8.080455563979656
8.080430703135145
8.080479927607277
8.08040037290483
8.080447111292527
8.080489871945085
8.080504788451787
8.080426725400022
8.080443630774292
8.080472966570815
8.080437166954717
8.080385953615007
8.080491860812643
8.080382970313666
8.080456061196546
8.080403853423062
8.080413797760873
8.080411808893311
8.08039937847105
8.08041926714666
8.080471474920149
8.080405345073723
8.080423742098676
8.080516721657151
8.080484402559293
8.080446116858745
8.08055053240567
8.080473463787698
8.08044064747295
8.080494346897096
8.080531140946961
8.080424239315569
8.080436669737828
8.080401367338611
8.080392914651474
8.080392914651469
8.08035363451712
8.080448105726306
8.080441641906729
8.080429708701361
8.08039241743458
8.080489374728195
8.08045456954588
8.080499816282886
8.08041379776087
8.080521196609158
8.080434680870267
8.08048738586063
8.080481419257952
8.080452083461429
8.080454072328989
8.080487883077517
8.08042821705069
8.080459044497891
8.080423742098679
8.080396892386599
8.080383467530547
8.080462027799234
8.080416283845324
8.080436172520935
8.080457552847214
8.080439155822278
8.080419764363556
8.08036109277048
8.080431200352036
8.080427719833803
8.080483905342405
8.080434183653374
8.080430703135143
8.080346176263765
8.080440150256054
8.080483408125511
8.080482413691728
8.080432194785814
8.080487883077526
8.080370539891398
8.080392914651474
8.080495838547767
8.080470480486367
8.08050777175313
8.08044412799118
8.080438658605388
8.080474955438381
8.080447608509415
8.08052766042873
8.080540090850986
8.080519704958494
8.080389434133242
8.080482413691733
8.080491860812641
8.080524677127384
8.080505782885568
8.080517218874043
8.080377500927868
8.080431697568926
8.08044164190673
8.080424736532462
8.08048042482417
8.080446614075631
8.080413797760874
8.080350651215781
8.080492855246419
8.080395400735929
8.080338718010397
8.080450094593862
8.08037899257854
8.080487883077522
8.08044015025606
8.080435675304047
8.080354131734007
8.080443133557402
8.080441144689841
8.080347170697546
8.080408825591968
8.080465011100573
8.080373523192746
8.080397886820379
8.080467994401916
8.08041379776087
8.080423244881787
8.080411311676412
8.080367556590057
8.080495341330865
8.080460038931674
8.08041131167642
8.080448105726305
8.080352640083333
8.080452083461429
8.080349656781992
8.080383467530552
8.08047793873972
8.080441641906729
8.080433189219598
8.080389434133242
8.080426725400022
8.080497330198433
8.08042523374935
8.080438161388498
8.080389931350132
8.08038694804879
8.080373523192746
8.080383964747442
8.080410814459528
8.080390925783915
8.080434183653376
8.080478933173495
8.080418272712883
8.080521693826052
8.080473463787706
8.080502799584222
8.080346176263765
8.080433686436487
8.080462525016118
8.080340706877967
8.080378495361645
8.080441144689841
8.080400870121721
8.080395400735927
8.080417278279105
8.080348662348216
8.080438161388498
8.08037899257854
8.080413797760873
8.08050130793356
8.080468491618808
8.080455563979662
8.080459044497887
8.080498821849103
8.080459044497893
8.080458050064104
8.08042871426758
8.080387942482568
8.080420758797333
8.080363578854934
8.080388936916343
8.080441144689841
8.080489374728195
8.080466502751245
8.080404847856846
8.080478435956609
8.080407333941286
8.080464016666793
8.080513241138922
8.080393909085258
8.080349159565104
8.080380484229211
8.080486888643746
8.080448105726306
8.080473463787706
8.08046202779923
8.080402858989283
8.080440150256061
8.080362584421154
8.080487385860636
8.080385456398119
8.080426725400017
8.080471972137039
8.080413300543979
8.080472469353927
8.080474955438378
8.080424239315564
8.080428714267581
8.080414792194647
8.080405842290626
8.08037899257854
8.080385456398119
8.080393909085252
8.080463022233012
8.080378495361646
8.080386948048787
8.08038943413324
8.080452580678319
8.080377003710977
8.080427222616912
8.08036954545762
8.080420261580445
8.080458050064113
8.080437166954717
8.080414792194652
8.080411311676421
8.080411311676421
8.080402858989283
8.080482910908621
8.080475452655271
8.080391423000796
8.080359103902921
8.080452083461429
8.080453077895209
8.080430703135145
8.08036357885493
8.080466502751245
8.080561471177253
8.08045456954588
8.080435675304043
8.080434680870267
8.080374517626517
8.080343192962422
8.080465508317465
8.080432194785816
8.080457055630331
8.080363081638042
8.080491860812645
8.080483905342403
8.080454569545873
8.080389931350132
8.080499816282888
8.080363578854936
8.080418272712885
8.080436669737828
8.080372528758964
8.080439155822278
8.080435675304049
8.08043965303917
8.080436172520933
8.080386450831893
8.080495838547764
8.080453077895205
8.080410814459519
8.080423742098676
8.080427719833798
8.080375512060307
8.080353137300234
8.08051523000648
8.080484402559287
8.080497827415327
8.080554012923907
8.08041330054398
8.0804535751121
8.080510755054469
8.080445122424965
8.080426725400015
8.08047594987216
8.080434183653377
8.080469486052586
8.08048092204106
8.080480424824168
8.080430703135145
8.080444127991184
8.08048340812551
8.080524179910498
8.080395400735926
8.080388936916346
8.080375512060305
8.080460536148559
8.080515727223366
8.080454072328987
8.080467497185026
8.080409820025748
8.080471972137035
8.080407831158189
8.080429211484473
8.08045606119655
8.08051274392203
8.08046202779923
8.080534621465192
8.080535118682084
8.080490866378858
8.080491363595756
8.080515727223373
8.08052020217538
8.08051373835581
8.080551029622553
8.080576387683953
8.080510755054469
8.08058434315419
8.08047943039037
8.080548543538114
8.080503296801115
8.080546057453661
8.080560476743477
8.080418769929773
8.080455066762772
8.080530146513183
8.080527163211842
8.080397389603487
8.08054357136921
8.080620639987151
8.080515230006476
8.080560973960365
8.080502799584224
8.080649975783635
8.080494346897096
8.080450591810756
8.080469983269477
8.080473463787705
8.080401864555503
8.080356120601579
8.080399378471052
8.080387445265677
8.080422250448008
8.080328773672582
8.080380981446105
8.08035711503534
8.080336729142841
8.08038943413324
8.080473961004598
8.080455066762768
8.080432194785816
8.080406836724405
8.080467994401916
8.080447111292527
8.08048092204106
8.080389931350132
8.080419764363556
8.080448602943195
8.080445619641852
8.080476944305937
8.080487385860629
8.080449100160086
8.080423742098676
8.080393909085252
8.080447608509415
