8.08036805380695
8.080342198528632
8.08037899257854
8.080347667914436
8.080325790371246
8.080357612252245
8.080380484229211
8.080301923960496
8.080382473096773
8.080342198528639
8.080433686436479
8.08033424305839
8.080370539891403
8.080382473096769
8.080364076071819
8.080425730966242
8.080343690179312
8.08033026532326
8.080407831158185
8.08031485159965
8.08033324862461
8.08030291839428
8.080379489795432
8.080360595553591
8.080258666090996
8.080270599296375
8.080337226359731
8.080344187396193
8.08030441004495
8.080301426743604
8.080338718010406
8.080280543634187
8.080218888739724
8.080338718010404
8.080400870121718
8.080281538067974
8.080408328375078
8.08037302597585
8.080342198528639
8.080449597376974
8.080513241138918
8.080420758797336
8.080406836724405
8.080432692002688
8.08041031724264
8.08043567530404
8.080363578854934
8.080414792194647
8.080324795937463
8.080335237492172
8.08038744526567
8.08029297405646
8.080448602943191
8.080373025975854
8.080288001887553
8.080295460140917
8.080345679046873
8.080302918394278
8.08033324862461
8.08035612060157
8.080381478662991
8.080374020409634
8.080374020409634
8.0803173376841
8.080310376647638
8.080375014843417
8.080352640083335
8.080320818202336
8.080265627127469
8.080269107645705
8.080235794114015
8.080337226359735
8.080403853423062
8.080330762540152
8.08034369017931
8.080417775495995
8.080357612252248
8.080293471273356
8.080278057549739
8.08035910390292
8.080284521369318
8.080311868298304
8.080353634517122
8.080370539891405
8.080355623384685
8.080358606686028
8.080466005534356
8.080422250448002
8.080353634517124
8.080328773672592
8.08038545639811
8.080350153998891
8.080381478662995
8.080326287588136
8.080350651215781
8.08035065121578
8.080355126167795
8.080431200352036
8.080400870121721
8.0803282764557
8.080500810716666
8.08038446196433
8.080356617818467
8.080347170697545
8.08039888125416
8.080435178087155
8.080388439699455
8.080370042674511
8.08038843969946
8.080431697568919
8.080468988835698
8.080396892386599
8.080500810716666
8.080391423000803
8.080431200352033
8.080399875687938
8.08047644708905
8.08040087012172
8.080400372904828
8.080482910908621
8.080404847856844
8.0804123061102
8.08038843969946
8.080289990755118
8.08036357885493
8.080329768106374
8.08040335620617
8.080378992578533
8.08041479219465
8.08043368643648
8.080428217050693
8.080409322808855
8.080380484229215
8.080442139123623
8.080416283845324
8.080380981446103
8.080366064939389
8.080369545457613
8.080407333941292
8.080373025975858
8.080376506494085
8.080448602943193
8.08044512242496
8.0804018645555
8.080361092770483
8.080370539891405
8.080306896129402
8.080356617818465
8.080335734709061
8.080366562156279
8.080331756973935
8.08031186829831
8.080353634517124
8.080332254190827
8.08037899257854
8.080325790371246
8.080309382213857
8.080347667914438
8.080354628950902
8.080357612252245
8.08026314104301
8.08037899257854
8.080330762540157
8.080341204094848
8.080336231925948
8.080364573288708
8.08039888125416
8.080408825591954
8.080358606686032
8.080303912828056
8.080316840467217
8.08037153432518
8.080273085380826
8.080375014843419
8.080286013019988
8.080320320985443
8.080322807069905
8.080401367338611
8.080384959181218
8.08032728202192
8.08035214286645
8.080447111292523
8.080472469353928
8.08040087012172
8.080342198528639
8.080360595553591
8.080302421177386
8.080406836724407
8.080375512060305
8.080341701311747
8.080371037108291
8.080301426743604
8.080335734709054
8.0803755120603
8.080340209661076
8.080294465707135
8.080305901695619
8.08034915956511
8.080361589987374
8.080360595553588
8.080329768106374
8.080296951791588
8.080346176263761
8.0802855158031
8.080316343250326
8.080291482405793
8.080335237492168
8.080330762540155
8.080341204094859
8.080328773672592
8.080345181829983
8.080286510236883
8.080397886820379
8.080367059373168
8.080319326551672
8.080294465707134
8.080275571465286
8.080312365515201
8.080330265323267
8.080422250448004
8.08035761225225
8.080413300543983
8.080391423000801
8.080329768106374
8.080435178087157
8.080385953615009
8.080322309853011
8.080345679046873
8.08031485159965
8.080402361772393
8.080419267146665
8.080420758797336
8.080350153998886
8.080363578854934
8.080328773672592
8.080325293154358
8.080403356206174
8.080395897952814
8.080299935092926
8.080274577031505
8.080347170697545
8.080359103902916
8.080335237492172
8.080463022233014
8.080278057549735
8.08035960111981
8.08042125601422
8.080401367338611
8.080381975879886
8.080437664171605
8.080379987012321
8.080391423000805
8.08047346378771
8.080380981446103
8.080448105726306
8.080466502751245
8.08046003893167
8.080386948048789
8.08054357136921
8.08043865860539
8.08042523374935
8.080463519449902
8.080417278279105
8.080338220793514
8.080417775495997
8.080506777319348
8.080350651215781
8.080389931350132
8.080355126167794
8.080356617818465
8.080375512060305
8.08038247309677
8.080354131734014
8.080379987012314
8.080434183653368
8.080382970313666
8.080307393346295
8.080275074248393
8.08035512616779
8.080400870121723
8.080402361772391
8.080386948048785
8.080407831158185
8.080339712444188
8.080394406302146
8.080316840467214
8.080283526935537
8.080414294977762
8.080435675304047
8.080444625208074
8.080419267146661
8.080321315419232
8.080315846033436
8.080313857165871
8.08024474401805
8.080424239315569
8.080331259757047
8.080403853423062
8.080362087204263
8.080340706877967
8.080375512060307
8.080389931350128
8.080297449008478
8.080235296897126
8.080366064939382
8.080314354382757
8.080288001887554
8.080318829334779
8.080363578854936
8.080436172520937
8.080302421177384
8.080283526935533
8.080332254190825
8.080248721753179
8.080376009277197
8.080183089123565
8.080229330294435
8.080274079814613
8.080270102079487
8.08028501858621
8.080323304286795
8.080363578854934
8.08033424305839
8.080326287588138
8.080256677223431
8.080340209661076
8.080324298720578
8.08031684046721
8.080305404478723
8.080203972232994
8.08029197962268
8.08034269574553
8.080363081638044
8.08035910390292
8.080341701311747
8.080396395169707
8.080279051983519
8.080272588163936
8.080299437876027
8.080290487972006
8.080343690179305
8.080288001887554
8.080323801503686
8.080244246801161
8.080283029718643
8.080253693922089
8.080274079814613
8.080323801503686
8.08036357885493
8.080265129910577
8.080335734709061
8.080331259757036
8.080350651215781
8.080382473096774
8.0803387180104
8.080358606686028
8.08038744526567
8.08025916330788
8.080244744018048
8.080245241234943
8.080234799680236
8.080208447185012
8.08024424680116
8.080232810812667
8.080191044593825
8.080230324728214
8.080196016762736
8.080234302463337
8.080259660524776
8.080313359948981
8.080251705054527
8.08031335994898
8.080235296897124
8.080315846033438
8.08035114843266
8.080297946225365
8.080262146609234
8.080364076071822
8.080229330294435
8.080291482405789
8.080261152175451
8.080226346993088
8.080231816378886
8.08029197962268
8.080222866474847
8.080326287588138
8.080306896129402
8.080305901695619
8.080336729142843
8.08024026906603
8.080294962924023
8.080277063115958
8.080323304286793
8.08025170505452
8.080307890563182
8.080236291330907
8.080231816378888
8.080270599296377
8.080203475016104
8.080172150351968
8.080265129910574
8.080236291330907
8.080327779238813
8.080276068682174
8.08033623192595
8.080345679046866
8.080360098336703
8.08030291839428
8.080328773672594
8.080434680870262
8.080284024152428
8.080304410044947
8.08027855476663
8.080330265323262
8.080347667914436
8.080255682789648
8.080347170697548
8.080187564075592
8.080282532501757
8.080323801503686
8.08027308538082
8.080265129910577
8.080281040851084
8.080341204094859
8.080192039027608
8.080226346993078
8.080243252367374
8.08021590543838
8.080243252367382
8.080244744018039
8.08025071062074
8.080257671657217
8.080205463883663
8.080265129910572
8.080245738451834
8.080216899872157
8.080345181829983
8.080252202271412
8.080302421177384
8.080335237492166
8.080348662348214
8.080309879430748
8.080287007453775
8.080366562156279
8.080385953615007
8.080279051983515
8.080375014843417
8.080420758797336
8.080432692002704
8.08039937847105
8.080394903519034
8.080415786628434
8.080347667914436
8.080381975879872
8.080346176263765
8.080392914651474
8.08038247309677
8.080424736532459
8.08050081071667
8.08042324488179
8.08032479593747
8.080363081638039
8.080381478662988
8.080361092770483
8.080336231925953
8.080295460140906
8.080330265323258
8.08034170131175
8.080242755150486
8.080361589987373
8.08033623192595
8.080386948048785
8.080326287588138
8.080257671657217
8.080345679046873
8.080333745841498
8.080334243058388
8.080362087204263
8.080458547281
8.08039042856702
8.080528157645622
8.08041180889331
8.08037700371098
8.080321812636113
8.080363578854934
8.080404350639954
8.080377003710977
8.080451089027646
8.080368053806945
8.080417775495995
8.080327779238809
8.080337226359735
8.080414792194652
8.08033424305839
8.080419267146663
8.080343690179312
8.08029894065915
8.080356120601577
8.080331259757036
8.080314851599654
8.080375014843417
8.080385953615007
8.080352640083335
8.080466999968133
8.080396892386597
8.080313359948983
8.080396395169705
8.08039987568794
8.080328276455704
8.080301923960493
8.080352640083342
8.080304410044947
8.080390925783911
8.080280046417302
8.080327779238813
8.080200491714754
8.080269107645705
8.080276565899068
8.080348165131326
8.080267615995028
8.080341701311745
8.080393909085254
8.080332254190827
8.08026015774167
8.080303912828057
8.080291482405789
8.080263141043014
8.08022783864376
8.080140825687822
8.0802531967052
8.080241760716707
8.08022734142687
8.08027606868217
8.080290985188896
8.080276068682172
8.080300432309814
8.080167178183055
8.080243252367382
8.08024623566872
8.080248721753179
8.080283526935535
8.080243749584259
8.080242257933598
8.08029794622537
8.08038247309677
8.080243749584268
8.080270102079481
8.080293471273352
8.080269604862595
8.08030540447873
8.08023430246334
8.080227341426864
8.080261649392343
8.080201983365429
8.080294465707134
8.080280046417302
8.080212424920143
8.080266621561249
8.080172150351967
8.080330762540157
8.080222369257962
8.080325293154358
8.080207452751225
8.080220877607287
8.080293471273354
8.080329270889484
8.080314851599647
8.08038247309677
8.080281538067974
8.080347667914436
8.080213916570807
8.08032678480503
8.080259163307888
8.080299437876043
8.08031137108142
8.080321315419232
8.080241760716708
8.080375512060305
8.080306896129402
8.080221374824175
8.080238280198467
8.080251207837634
8.080275571465286
8.080350651215776
8.080248721753174
8.080307890563182
8.080316343250322
8.080227838643752
8.080354131734008
8.080347170697545
8.080317834900997
8.080267118778144
8.080280543634194
8.080282532501755
8.080247727319398
8.0802909851889
8.080294465707135
8.080348662348213
8.08032579037125
8.080279051983515
8.080338220793516
8.080370539891403
8.080332254190829
8.080398881254151
8.080338220793509
8.080298443442258
8.080364076071824
8.080329270889484
8.080353137300236
8.080328276455697
8.080377003710977
8.08041180889331
8.080281538067977
8.080438161388487
8.080243252367373
8.08034915956511
8.080390428567021
8.080288499104446
8.080331756973933
8.080294962924023
8.080320818202338
8.08023181637889
8.080266621561245
8.080334740275282
8.080359601119804
8.080294465707128
8.080325293154358
8.080322309853015
8.08032927088948
8.080265129910574
8.080298940659153
8.080229330294435
8.080316343250326
8.080340209661072
8.080354628950904
8.080371037108293
8.080320320985452
8.080318332117884
8.080353137300234
8.080327779238813
8.080375014843417
8.08030540447873
8.080348165131314
8.080337226359726
8.080411311676416
8.080313359948983
8.080380484229215
8.080401864555501
8.080301426743604
8.08039689238659
8.080426228183132
8.080265627127469
8.08028501858621
8.080350153998888
8.080289990755121
8.08022386090863
8.080289990755118
8.080302421177386
8.080267118778128
8.080327282021921
8.080393909085252
8.080336729142841
8.080310376647638
8.080385953615007
8.080397886820375
8.080269604862588
8.080348165131324
8.08031186829831
8.080280046417302
8.08038446196433
8.080308387780072
8.080349656782
8.08020695553433
8.080271096513268
8.080385953615005
8.0803491595651
8.0804018645555
8.080337723576621
8.080362584421152
8.080351645649563
8.08034170131175
8.080405842290626
8.080452580678319
8.080333248624607
8.080446116858743
8.080386948048789
8.080339215227289
8.080439155822264
8.080288499104444
8.080386450831899
8.080400870121721
8.080356617818461
8.080370539891398
8.080397886820377
8.080439155822281
8.080486391426854
8.080385456398117
8.08047744152283
8.080381478662991
8.080392417434583
8.080455563979646
8.080343690179314
8.080408825591961
8.080362087204263
8.080384461964329
8.080401864555503
8.08042175323112
8.080432194785816
8.080317337684109
8.080313857165864
8.08039092578391
8.080282035284867
8.080401864555503
8.080397389603489
8.080385953615009
8.080450094593857
8.080364076071826
8.080379489795428
8.080360595553588
8.080430205918248
8.080444625208067
8.080434183653377
8.08040982002575
8.080496832981543
8.080394406302146
8.080489374728188
8.080494346897096
8.080383467530554
8.080405345073727
8.080381478662993
8.080393411868359
8.080399875687936
8.080384461964334
8.080328773672596
8.080410814459528
8.080330762540155
8.080338220793514
8.080370539891398
8.080378992578543
8.080449597376978
8.080378495361643
8.080387445265679
8.080415289411542
8.08044611685874
8.080371037108293
8.080373523192742
8.080283526935537
8.08043120035203
8.080364076071826
8.080322807069907
8.080353634517124
8.0802795492004
8.080259163307886
8.080344187396204
8.080333745841495
8.080418272712885
8.080354628950902
8.08026612434436
8.080366064939389
8.08030092952671
8.08035214286645
8.080330265323262
8.080327282021921
8.080398384037265
8.080421753231116
8.080361589987374
8.080322807069905
8.080297946225366
8.080430703135145
8.080379987012321
8.080330762540152
8.080370539891403
8.08026662156125
8.0803546289509
8.080476944305934
8.08033623192595
8.0803864508319
8.080343690179312
8.080383467530556
8.080396892386597
8.080322309853015
8.080396892386586
8.080370042674511
8.080347170697545
8.080430205918253
8.080353634517124
8.080361589987373
8.080322309853015
8.080288996321336
8.080401864555498
8.080318332117884
8.080384959181226
8.080336729142841
8.080305404478723
8.080378495361641
8.08036656215628
8.080363578854927
8.080373025975854
8.080352142866452
8.080413300543983
8.08039390908525
8.08037103710829
8.080251207837634
8.080385456398107
8.080346673480646
8.080362584421154
8.080324298720575
8.08040982002574
8.080288996321338
8.080419764363556
8.080342695745529
8.080429211484473
8.08040982002575
8.080401864555498
8.080512246705126
8.080408825591968
8.080462525016124
8.080443133557402
8.080417775495995
8.080406836724405
8.08036158998737
8.080380484229215
8.080480424824172
8.080397886820379
8.080381975879883
8.080425730966235
8.080447111292527
8.08032728202192
8.080369545457621
8.08036755659006
8.08039937847105
8.080401864555501
8.080346176263758
8.08038247309677
8.080471972137039
8.080415289411544
8.080390925783911
8.080532135380741
8.0804227476649
8.080425233749352
8.080356617818461
8.080380981446103
8.080499319065998
8.080448602943193
8.080326287588141
8.080353634517124
8.080359103902916
8.080424736532462
8.080355623384685
8.080357612252246
8.080477938739719
8.080497330198435
8.080402361772393
8.08032678480503
8.080371534325183
8.080395400735926
8.08030391282806
8.080269604862586
8.080381478662993
8.080387942482567
8.080338220793514
8.080407333941295
8.080269107645705
8.080314851599653
8.080308387780073
8.080300432309825
8.080354131734012
8.080378992578538
8.080419764363556
8.080416781062214
8.080361092770481
8.080379489795432
8.080378992578543
8.080402858989283
8.080384461964336
8.080369545457621
8.080394406302146
8.080261152175446
8.08029297405646
8.0803282764557
8.080315846033438
8.080360595553593
8.080330762540152
8.080365070505605
8.080281538067972
8.080389434133243
8.080388439699455
8.08025468835587
8.080423742098679
8.080351148432669
8.080406836724407
8.080365070505598
8.080420261580446
8.080375512060307
8.080258666090998
8.080321315419232
8.080353137300234
8.080332254190814
8.080378992578538
8.08034219852864
8.080308387780075
8.08037998701232
8.08029844344226
8.080253196705188
8.080376506494085
8.080333248624608
8.080375014843417
8.080447111292523
8.080382970313664
8.080408825591965
8.080405842290626
8.080399378471048
8.0804123061102
8.080451089027642
8.080374020409637
8.080362584421154
8.080322807069903
8.08037998701232
8.080376506494089
8.080335734709061
8.080472966570817
8.080388936916352
8.080455563979656
8.080521196609162
8.080554012923903
8.080435675304047
8.080463022233014
8.080489871945085
8.080502302367337
8.08039291465147
8.080363081638042
8.080456558413443
8.08043965303917
8.08044512242496
8.080454072328989
8.080410317242627
8.080424239315569
8.080411311676412
8.080432692002706
8.080492358029524
8.080578376551513
8.08039987568794
8.080529649296295
8.080571415515053
8.080494844113986
8.08058384593729
8.08045606119655
8.080511749488249
8.080438161388498
8.080521693826052
8.080478435956609
8.080426725400018
8.080457055630331
8.080450094593868
8.08051970495849
8.080543074152326
8.080553018490127
8.080526168778064
8.080490866378867
8.080496335764657
8.080513241138917
8.08049335246331
8.080474955438376
8.080499816282888
8.080454569545878
8.080382473096764
8.080448602943196
8.080442636340505
8.0804277198338
8.080406836724405
8.080393909085252
8.08040534507373
8.080486888643746
8.08042871426758
8.080508766186911
8.080385456398117
8.080424239315567
8.080499319065993
8.080425730966242
8.080470977703245
8.08057191273194
8.08047545265527
8.080403853423062
8.080489871945085
8.080384461964336
8.080414792194652
8.08040932280886
8.080414294977762
8.080400372904819
8.080415786628434
8.08045805006411
8.080471474920147
8.080459044497891
8.080513241138918
8.080540090850985
8.080371534325181
8.080462525016118
8.080401864555503
8.08036059555358
8.080414792194647
8.080409322808856
8.080462027799234
8.080444625208067
8.080393909085254
8.080465508317467
8.08044412799118
8.080466005534351
8.080418769929777
8.080503794018009
8.080544565802992
8.080498324632218
8.080501307933558
8.08041330054398
8.080377003710977
8.080367059373168
8.080473961004595
8.08047744152282
8.080417278279103
8.080411808893308
8.080448105726305
8.080438161388495
8.080325790371248
8.080356617818467
8.080350153998891
8.080395400735926
8.080420758797333
8.080440150256054
8.080385953615005
8.080441641906733
8.080403853423062
8.080378992578542
8.08038495918123
8.08046501110057
8.080464016666793
8.08042473653246
8.08050031349978
8.080488877511305
8.080408328375071
8.080450094593862
8.080412803327091
8.080397389603489
8.080370539891401
8.080409322808856
8.080374517626524
8.080489871945085
8.080496335764657
8.080396395169707
8.080443630774289
8.080480424824174
8.080387942482565
8.080385953615007
8.08047793873972
8.080429708701365
8.080471474920147
8.080458547281001
8.080456061196552
8.08045954171478
8.080429708701361
8.080384461964334
8.080406836724407
8.080393909085252
8.080327282021916
8.080431200352036
8.080435178087157
8.080431697568926
8.080391423000803
8.080309879430745
8.080449100160081
8.080387445265677
8.08034219852864
8.08047644708904
8.080488877511307
8.080512743922029
8.080424736532457
8.080498821849107
8.080434183653376
8.080388936916352
8.080413300543983
8.080441144689836
8.08052964929629
8.080458050064106
8.080504788451789
8.080379489795426
8.080458050064108
8.080484402559291
8.080530643730071
8.080442636340512
8.080434680870264
8.080358606686028
8.080440647472942
8.080408825591968
8.080354628950905
8.08041678106221
8.080469486052586
8.080374020409634
8.08041528941154
8.080378495361643
8.08048539699307
8.08038893691635
8.080455066762768
8.080385953615007
8.0804123061102
8.080375014843419
8.080464513883681
8.080417278279105
8.080404847856832
8.080348662348216
8.080396892386595
8.080471474920145
8.080493849680202
8.080394406302146
8.08042225044801
8.080383467530554
8.080449100160086
8.08047545265527
8.08051821330782
8.08048241369173
8.080461530582342
8.080374020409636
8.080440647472951
8.08037402040963
8.080382970313664
8.080431697568924
8.080441641906733
8.08050180515045
8.080334740275282
8.080495838547767
8.080476944305934
8.080441144689841
8.080373025975854
8.080436669737825
8.080506280102455
8.080418769929777
8.080456061196543
8.080436172520931
8.080487883077522
8.080527163211839
8.08043666973783
8.080433686436484
8.080391920217693
8.080397886820379
8.080409322808858
8.080458547281003
8.08044064747295
8.080421256014226
8.080463519449898
8.080419267146658
8.0804381613885
8.080506777319348
8.08046451388368
8.080466005534356
8.08038744526568
8.080449597376974
8.08050528566868
8.080458547281003
8.080472966570818
8.080419764363553
8.080470977703257
8.08047644708904
8.080468491618806
8.080378495361652
8.080356120601579
8.080386450831897
8.080376506494089
8.080370539891403
8.080341701311747
8.080375014843417
8.080372031542074
8.080399378471048
8.08043716695472
8.080437166954718
8.08039291465147
8.08035114843267
8.0803914230008
8.080398384037268
8.08043915582228
8.080410814459531
8.080442636340509
8.08039788682038
8.080430703135145
8.080407831158185
8.080352640083342
8.080414294977759
8.080397886820379
8.080312365515201
8.080395897952814
8.080390428567021
8.080283029718647
8.080301426743604
8.080303415611167
8.080255185572755
8.080326784805026
8.08033921522729
8.080281040851085
8.080392417434583
8.080363578854934
8.080364076071824
8.080401864555496
8.080343690179307
8.08035810946914
8.080371037108293
8.080407831158185
8.08042423931557
8.080349656781998
8.08052219104294
8.080377003710979
8.08039838403727
8.080407831158189
8.080394903519036
8.080378495361652
8.080424239315569
8.080371037108295
8.080354131734014
8.080321812636113
8.080209938835678
8.080414294977762
8.080369048240728
8.080336729142838
8.080328276455697
8.080300432309825
8.080330265323264
8.08038843969946
8.080426725400018
8.080401367338611
8.080367556590057
8.080441144689836
8.080398384037268
8.080402361772391
8.080378992578538
8.08045506676277
8.080417775495995
8.08039987568794
8.080457055630331
8.080488877511302
8.080431697568923
8.080414294977752
8.080446614075631
8.080523682693611
8.080403356206165
8.08047594987216
8.0804789331735
8.080460536148559
8.080422747664896
8.080408825591967
8.080503794018007
8.080426725400022
8.080557990659022
8.08047744152283
8.080500810716666
8.080466005534353
8.080428714267581
8.080462027799229
8.080404847856844
8.080424239315569
8.080445619641855
8.080460536148559
8.080549040755004
8.08050727453624
8.080466999968136
8.080503794018009
8.080443630774292
8.080425730966242
8.080468491618804
8.080448602943195
8.080480922041057
8.080349656782
8.080416781062212
8.080456558413438
8.08039987568794
8.080436669737828
8.08038048422921
8.080414792194654
8.0804277198338
8.08046153058234
8.080433686436484
8.080406339507517
8.08047644708905
8.080437166954718
8.080391423000805
8.080487385860634
8.080468988835696
8.080550532405674
8.080379489795433
8.080410317242636
8.080356120601577
8.080450094593868
8.080484899776181
8.080335734709061
8.08039291465147
8.080396395169705
8.080461530582335
8.080404847856839
8.08044213912362
8.080464513883683
8.080423244881787
8.080415786628434
8.080490369161977
8.080418272712885
8.080478933173499
8.080425730966239
8.080379489795424
8.08034468461309
8.080369545457618
8.08038495918123
8.080330265323264
8.08039937847105
8.080417775495993
8.080314354382764
8.080351645649563
8.080452083461429
8.080369048240732
8.080389434133238
8.080247727319398
8.080334243058388
8.080397389603489
8.080419267146667
8.080366064939389
8.080388936916348
8.080358606686028
8.08035761225225
8.08035860668602
8.080302421177388
8.080465508317461
8.080498821849108
8.08047246935393
8.0804227476649
8.080399378471048
8.08031137108142
8.080356120601577
8.080337723576623
8.08032777923881
8.080400870121721
8.080500313499778
8.080441641906724
8.080385953615007
8.080418769929773
8.08039937847105
8.08037849536165
8.08049981628289
8.080414294977755
8.080443133557402
8.080467994401912
8.080383964747446
8.08038744526568
8.080413300543983
8.080464016666793
8.080444127991182
8.080315348816546
8.08040087012172
8.080367059373168
8.080393909085254
8.0804227476649
8.080414792194652
8.080389931350133
8.080399875687936
8.080389434133238
8.08034219852864
8.080485396993073
8.080365070505602
8.080382473096774
8.080348165131326
8.080362087204263
8.080435675304045
8.08040335620617
8.080419764363556
8.080451586244537
8.080396892386597
8.080467994401916
8.080454072328989
8.08044015025606
8.08047048048636
8.0803864508319
8.080465011100577
8.080344187396202
8.08041578662843
8.080382970313666
8.080394406302142
8.080414294977762
8.080366064939385
8.080413797760874
8.080379987012323
8.080289493538219
8.080405842290626
8.080508766186911
8.080407831158185
8.080418769929775
8.08044064747295
8.080428217050693
8.08041081445953
8.080444625208075
8.080411808893311
8.080332254190829
8.08031335994898
8.080407831158189
8.080377998144755
8.080410317242636
8.080402361772391
8.080432194785816
8.080397886820379
8.080478435956612
8.080415786628434
8.080474955438381
8.080393411868355
8.080444625208067
8.080359103902916
8.080417775495995
8.080367059373168
8.080387445265677
8.08047644708905
8.080395897952814
8.080402858989283
8.080371534325183
8.080392914651474
8.080446614075635
8.08035960111981
8.080409820025748
8.080389434133235
8.080379987012321
8.080438161388498
8.08044959737697
8.08049285524642
8.080458547280996
8.080511749488245
8.080494844113982
8.0805192077416
8.08058583480486
8.080439653039171
8.080473961004595
8.080558985092805
8.08046252501612
8.080559979526582
8.080418769929773
8.080396395169709
8.080443630774289
8.080436172520937
8.080530643730066
8.080353634517124
8.080373523192748
8.080429211484471
8.080387942482565
8.080399875687942
8.08034219852864
8.080360098336698
8.08036755659006
8.080420261580445
8.080483408125508
8.080348165131326
8.080349159565085
8.080341204094857
8.080377500927868
8.080356617818467
8.080316343250317
8.080374020409636
8.08026612434436
8.080350651215777
8.080426725400022
8.080406836724405
8.080386450831897
8.080314851599654
8.080327282021921
8.080365070505607
8.080414792194652
8.080403356206173
8.080364076071824
8.08034070687797
8.080441641906733
8.080384959181226
8.08032927088948
8.080208447185013
8.080346176263767
8.080227838643761
8.080375014843417
8.08036158998737
8.080329768106374
8.080321315419232
8.08029844344226
8.080322309853011
8.08030540447873
8.08035910390292
8.080364573288714
8.080364573288717
8.080388936916352
8.080423742098679
8.080305901695622
8.080320818202338
8.080338718010408
8.080356617818467
8.080324298720575
8.080448602943193
8.080404847856844
8.080443133557404
8.080444127991182
8.08047594987216
8.080356120601577
8.080382473096773
8.080326287588138
8.080372528758964
8.080345181829983
8.080429211484475
8.080403853423052
8.080428217050693
8.08050081071667
8.080390925783904
8.080456061196545
8.080442636340512
8.080463519449905
8.080535615898974
8.08044412799118
8.080402858989283
8.080419764363551
8.08043965303917
8.080484899776183
8.080436669737828
8.080442636340509
8.080410814459531
8.080409820025745
8.080452083461429
8.080453575112097
8.08042324488178
8.080373523192746
8.080408328375078
8.080505782885565
8.08043965303917
8.080395400735922
8.080466005534356
8.080386450831897
8.08035264008334
8.080375512060307
8.080496832981547
8.080444625208074
8.080365567722497
8.08036109277048
8.080399875687926
8.080426725400024
8.080491363595753
8.080437664171608
8.080446614075635
8.08041479219465
8.08035910390292
8.080426228183132
8.08041180889331
8.080384461964334
8.080447608509415
8.080370539891403
8.080418769929777
8.080443133557402
8.080405842290622
8.080419267146667
8.080432194785816
8.080367059373168
8.080439653039171
8.080369048240726
8.080439155822274
8.080347667914438
8.080461033365452
8.080422747664896
8.080314851599656
8.080377998144757
8.080336729142843
8.080353634517119
8.080364076071826
8.080399378471046
8.08041379776087
8.080381478662995
8.080471474920145
8.080395400735926
8.080398881254157
8.080367556590055
8.080448105726305
8.080417775495993
8.080509760620691
8.080429211484473
8.08052169382605
8.080545063019883
8.080455066762768
8.080356120601557
8.08042523374935
8.080431200352036
8.08048489977618
8.08051274392202
8.080429211484473
8.08041379776087
8.080529649296293
8.080479430390385
8.080450591810758
8.08051821330782
8.08049484411398
8.080496335764655
8.080545063019885
8.080476944305941
8.08047744152283
8.080495341330872
8.08055202405634
8.080533129814524
8.08051672165715
8.080478933173502
8.080547549104336
8.080397886820377
8.0805042912349
8.080498324632218
8.080506777319348
8.08041678106221
8.08042573096624
8.080479927607279
8.08042921148447
8.080471972137035
8.080470480486364
8.080442139123623
8.0805192077416
8.080485894209964
8.080487385860634
8.080548046321226
8.080411808893304
8.080539593634095
8.0805192077416
8.08047097770325
8.080470977703257
8.080504788451789
8.080485396993067
8.080442139123619
8.08047943039039
8.08047644708905
8.080430703135145
8.080448105726305
8.08042722261691
8.080371037108291
8.080439155822278
8.08044015025606
8.080406836724405
8.080396395169707
8.080460536148562
8.080341204094859
8.080350153998888
8.080433189219596
8.080349159565102
8.08030739334629
8.080369048240728
8.08045755284722
8.080385953615009
8.080483905342403
8.080467497185024
8.08048539699307
8.080432692002704
8.08048291090862
8.080489871945085
8.080457552847221
8.080450094593866
8.080451089027648
8.08038446196433
8.08036158998737
8.080351148432667
8.080420261580448
8.080458547280998
8.080416283845324
8.080379987012321
8.080455066762761
8.080397886820377
8.080404350639952
8.080363578854932
8.080439653039171
8.08050628010246
8.080427719833803
8.080512246705133
8.08050826897002
8.080538101983416
8.080474955438378
8.08050279958423
8.080557990659022
8.080462525016124
8.080442636340514
8.080434680870267
8.080463022233012
8.080450591810758
8.080503794018005
8.080419764363556
8.080436172520939
8.080484402559293
8.080487385860623
8.080460536148562
8.080460536148564
8.080463519449905
8.080460536148562
8.08044064747295
8.080530146513183
8.080408328375077
8.080484899776183
8.08041528941154
8.080484899776183
8.080556996225246
8.080535615898976
8.08053312981452
8.080425730966239
8.08050130793356
8.08045556397966
8.080466502751246
8.080440647472953
8.080498324632218
8.080496335764657
8.080484402559291
8.08046749718502
8.08041180889331
8.080513241138922
8.080462027799234
8.0804381613885
8.080392417434583
8.080415289411544
8.080388439699455
8.080451089027646
8.080420261580445
8.080465508317458
8.080560973960361
8.080449100160086
8.080435178087157
8.080494844113986
8.080432692002708
8.080419764363556
8.080411808893304
8.08043766417161
8.080390925783911
8.080481419257952
8.080497827415329
8.080490369161977
8.080495838547767
8.080500313499778
8.080513241138918
8.080583348720397
8.080489374728192
8.080459541714783
8.080539593634091
8.080516224440261
8.080506280102458
8.080514732789588
8.080513241138917
8.080459541714779
8.080504788451783
8.08043766417161
8.080480424824168
8.080454072328981
8.080527660428734
8.080541085284764
8.08053114094696
8.08052666599495
8.080523185476723
8.080517218874043
8.080529152079402
8.08053163816385
8.080530146513182
8.080545560236772
8.080432692002708
8.080507274536236
8.080466005534355
8.080521196609164
8.080500313499776
8.08042622818313
8.080515230006482
8.080473961004595
8.080519704958492
8.08063555649384
8.08062014277026
8.08051871052471
8.080600254094659
8.08044213912362
8.080491363595748
8.080555007357676
8.080449100160083
8.080392914651473
8.08051174948825
8.08047445822149
8.080522191042945
8.080481419257952
8.080502799584224
8.080552521273233
8.08041528941154
8.080482413691733
8.080496335764657
8.080421753231116
8.080490369161977
8.080520202175384
8.080487883077522
8.080604729046676
8.080520202175384
8.080594287491985
8.080615667818249
8.080471972137035
8.080482910908623
8.080440647472948
8.080349656781996
8.080400870121716
8.080469486052586
8.080447111292527
8.08041628384532
8.080468491618808
8.0804789331735
8.0804431335574
8.080595281925765
8.080501805150446
8.080503794018005
8.080445619641853
8.0805042912349
8.080542576935436
8.080459044497895
8.080481916474838
8.080512743922021
8.080521693826045
8.080502799584224
8.080406339507514
8.080454569545878
8.080471972137039
8.080455066762768
8.080432692002704
8.080421256014228
8.08045606119655
8.08050876618691
8.080462525016124
8.080429708701361
8.080412306110196
8.080417775495993
8.080449100160084
8.080419267146665
8.080446116858736
8.080413797760869
8.080395897952812
8.080384461964337
8.08041131167642
8.080401864555503
8.080372031542074
8.080468988835698
8.080424239315569
8.080386948048787
8.080443630774292
8.080469486052584
8.0804535751121
8.080516721657153
8.08045755284722
8.080409820025748
8.080407333941297
8.080387942482568
8.080493352463316
8.080435675304042
8.08043766417161
8.080435178087159
8.08048688864374
8.08060870678179
8.080482910908614
8.080547051887434
8.080500313499776
8.080437166954717
8.080362584421154
8.080464513883685
8.080475949872156
8.080395400735924
8.080467994401914
8.080465011100571
8.08046103336545
8.080527163211835
8.08045556397966
8.080454072328989
8.080470480486369
8.080406339507517
8.080476944305941
8.080387942482561
8.080557493442132
8.080529649296293
8.080427222616912
8.0804635194499
8.080519207741602
8.080464016666788
8.080492358029536
8.08066538950722
8.08047644708905
8.080572907165712
8.080486391426854
8.080530643730071
8.080481419257948
8.080454569545877
8.080529649296288
8.080424239315569
8.080501805150442
8.080448602943198
8.080436172520935
8.080383964747442
8.08052666599495
8.080551526839454
8.080494844113986
8.080433686436486
8.08045655841344
8.080484402559295
8.080512743922029
8.080522191042945
8.080490369161971
8.080535615898972
8.080538101983423
8.080517218874036
8.080548046321224
8.080466005534355
8.080519704958478
8.080529649296295
8.080418769929775
8.080530146513182
8.080465508317465
8.080450591810754
8.080551526839452
8.080445122424965
8.080435178087157
8.080520202175384
8.080399875687942
8.080407333941297
8.080447608509415
8.080402361772393
8.080420758797336
8.080456558413433
8.080506777319352
8.080524179910501
8.080458547281003
8.080415786628434
8.080461530582346
8.080468491618804
8.080503296801119
8.080492358029536
8.080562962827912
8.080488877511298
8.080553018490122
8.080548046321226
8.080456558413442
8.08037799814476
8.08041330054398
8.080503794018004
8.080559482309686
8.080537107549643
8.08047594987216
8.080420758797331
8.080463519449905
8.080533627031414
8.080529649296292
8.08043169756892
8.080486391426854
8.080516721657148
8.080459541714783
8.080504788451776
8.080514235572702
8.080562962827921
8.08056296282792
8.080513241138922
8.080563460044814
8.08045556397966
8.080431200352033
8.080527163211828
8.08050180515044
8.080514235572693
8.080619645553368
8.080618651119586
8.08058732645553
8.080568929430596
8.080532632597633
8.080635059276952
8.080549537971896
8.080508766186911
8.080483408125502
8.080581359852848
8.080579370985285
8.080555504574574
8.08051970495849
8.080499816282886
8.080507274536231
8.080580862635962
8.080524677127393
8.080496335764645
8.08051075505447
8.080532135380745
8.080494346897096
8.080506777319352
8.080440647472953
8.08044064747295
8.080416781062215
8.080503794018007
8.080415289411542
8.08039042856702
8.080434680870269
8.080454072328981
8.080426725400022
8.080480922041062
8.080459044497891
8.080486888643746
8.080496335764657
8.080488877511305
8.080490866378865
8.080559979526578
8.080584343154186
8.080460536148564
8.080522688259832
8.080489374728186
8.080526665994952
8.080534621465196
8.080537604766533
8.080504788451789
8.08051224670514
8.080529649296293
8.080504291234899
8.080492855246428
8.080468988835696
8.0805589850928
8.08051373835581
8.080553018490127
8.080570918298152
8.08047992760728
8.080460536148557
8.080433686436487
8.080524677127386
8.080510257837581
8.080435178087155
8.08047495543838
8.080482910908621
8.08045755284722
8.080456558413442
8.080502302367341
8.080512246705135
8.080577382117731
8.080521196609162
8.080530643730073
8.080447111292523
8.0805042912349
8.080417775495988
8.080449100160083
8.080496832981547
8.080521196609162
8.080427719833802
8.08047545265527
8.080518710524712
8.080476447089048
8.0804888775113
8.080538599200315
8.080424239315569
8.080439155822276
8.080492855246426
8.080461033365447
8.080465508317467
8.08042225044801
8.080469983269476
