1.001146011748453
1.0010460689245226
1.0010684441836117
1.0010853499349235
1.0011365644168377
1.0010997695463364
1.001106730738053
1.0010415938727049
1.0010788859711868
1.0010957917224983
1.001069935867551
1.0011072279660327
1.001045074468563
1.0010525328882596
1.0010798804271461
1.001108719649972
1.0011122002458301
1.0010873388468424
1.0010580023960367
1.0010798804271461
1.0010207102975548
1.0011117030178502
1.0010952944945186
1.001114189157749
1.0010455716965427
1.001038610504826
1.0010749081473487
1.0010938028105791
1.0010928083546198
1.001153967396129
1.0011470062044125
1.001039107732806
1.0010500467483607
1.0010644663597736
1.0010982778623971
1.0010386105048261
1.0010634719038143
1.0010644663597736
1.0011430283805745
1.0010952944945186
1.0010341354530083
1.001033140997049
1.0011057362820932
1.0011345755049186
1.0010788859711868
1.0011291059971414
1.001087836074822
1.0010167324737165
1.001067946955632
1.0010992723183565
1.001045074468563
1.0010734164634094
1.0010560134841178
1.0011052390541137
1.001053527344219
1.0010604885359355
1.001087836074822
1.001039107732806
1.001065460815733
1.001106233510073
1.001082366567045
1.001075902603308
1.001017726929676
1.0010440800126037
1.0010207102975548
1.001161425815825
1.0011171725256276
1.001081869339065
1.0010957917224983
1.0010773942872475
1.0011400450126962
1.0011092168779516
1.0011072279660327
1.0011435256085541
1.0010584996240166
1.0010366215929072
1.0010659580437131
1.0010888305307815
1.001108719649972
1.0010122574218985
1.001080377655126
1.0010669524996727
1.0010913166706805
1.0010783887432069
1.001047560608462
1.001090322214721
1.0010550190281584
1.0010883333028022
1.001059991307956
1.001063969131794
1.0010768970592674
1.0011047418261338
1.0011693814635005
1.0010490522924014
1.0011171725256276
1.0011276143132022
1.0011475034323922
1.0010778915152272
1.0010833610230045
1.001130100453101
1.0010689414115912
1.0010828637950249
1.001110211333911
1.0010460689245226
1.0011201558935061
1.0011484978883516
1.0010768970592676
1.001114189157749
1.0011191614375468
1.0010763998312877
1.0010808748831055
1.001035129908968
1.0011037473701743
1.001075405375328
1.0010992723183567
1.001159436903906
1.0010977806344172
1.0010694386395713
1.0010565107120974
1.0011395477847163
1.0011072279660322
1.0010575051680572
1.001045571696543
1.0010594940799762
1.00117087314744
1.0011117030178502
1.0010893277587614
1.0010778915152272
1.00103065485715
1.001067946955632
1.0010560134841178
1.0010729192354295
1.001079880427146
1.0010062906861417
1.0010440800126037
1.0010768970592678
1.0010415938727044
1.001081869339065
1.0010938028105791
1.0010425883286642
1.001073913691389
1.001056013484118
1.0010570079400773
1.001089824986741
1.0010933055825995
1.0010773942872475
1.001055516256138
1.0010729192354297
1.0011052390541135
1.0011514812562303
1.0010763998312877
1.0011002667743159
1.0010396049607857
1.00109231112664
1.001049052292401
1.0010420911006843
1.0010908194427008
1.0010545218001783
1.0010649635877533
1.0010296604011903
1.0010460689245226
1.001033140997049
1.0010565107120977
1.0010908194427008
1.0010759026033083
1.0010659580437131
1.0010614829918951
1.0010555162561376
1.001104244598154
1.0011151836137084
1.0010828637950246
1.001081869339065
1.001067946955632
1.001047560608462
1.0010545218001787
1.0010828637950246
1.0010500467483607
1.00105203566028
1.0010177269296763
1.0010540245721986
1.001067946955632
1.001102255686235
1.0010604885359358
1.001040599416745
1.0010212075255345
1.0010057934581613
1.0010356271369476
1.0010893277587616
1.0010938028105791
1.0011320893650202
1.001080377655126
1.0010236936654333
1.0010450744685626
1.0010719247794697
1.0011305976810807
1.0010580023960367
1.0010634719038143
1.0010361243649275
1.0010933055825995
1.001094300038559
1.0010530301162393
1.0010913166706805
1.0010808748831057
1.0011017584582553
1.0011156808416881
1.001104244598154
1.0010689414115914
1.0010838582509842
1.0010361243649275
1.0011057362820932
1.0010664552716928
1.0011042445981542
1.00111269747381
1.0011236364893643
1.0010644663597736
1.0011107085618907
1.0010828637950249
1.0010938028105791
1.0011236364893643
1.0010972834064373
1.0011131947017897
1.0010520356602797
1.0010659580437131
1.0011206531214858
1.0011340782769391
1.001108222421992
1.0010913166706805
1.0010430855566441
1.0010609857639154
1.0011032501421946
1.0010908194427008
1.0010525328882596
1.0011017584582553
1.001047560608462
1.0010425883286642
1.0010704330955307
1.001063969131794
1.0010863443908828
1.0010957917224983
1.0010689414115914
1.0010102685099795
1.0010162352457366
1.0010843554789641
1.001107725194012
1.0010793831991665
1.001067946955632
1.001104244598154
1.0010714275514905
1.0010366215929072
1.001055516256138
1.0010952944945186
1.0010957917224983
1.0010589968519963
1.0010560134841178
1.0010535273442194
1.0010823665670447
1.0010858471629032
1.0010609857639154
1.001053527344219
1.0010177269296758
1.001045571696543
1.0010043017742225
1.0010445772405834
1.0010361243649275
1.001045074468563
1.001022201981494
1.000998335038465
1.001018224157656
1.0010396049607857
1.0010381132768464
1.0010639691317937
1.0010033073182631
1.0009844126550316
1.0009998267224045
1.0009948544426068
1.0010236936654333
1.0010316493131095
1.0010500467483607
1.0010072851421008
1.0010087768260405
1.0010057934581618
1.0009461261005892
1.0010540245721988
1.0010679469556318
1.0010197158415948
1.0009988322664451
1.0010152407897772
1.0010415938727044
1.0010614829918951
1.0010565107120974
1.0010197158415952
1.0010023128623036
1.0010246881213931
1.0010187213856359
1.001087836074822
1.0010848527069436
1.0010401021887652
1.0010192186136155
1.0010381132768462
1.0010425883286642
1.00103065485715
1.0010231964374534
1.0009998267224045
1.0010127546498786
1.0009978378104851
1.0010873388468424
1.0010530301162393
1.0009978378104856
1.0009834181990722
1.0009714847275577
1.001013749105838
1.001020213069575
1.0010246881213927
1.001007782370081
1.0010152407897772
1.0010231964374536
1.0010092740540202
1.0009908766187685
1.0010187213856356
1.00100927405402
1.0009744680954362
1.0010251853493726
1.001080377655126
1.0010361243649273
1.0010749081473485
1.001057505168057
1.0010107657379586
1.0009953516705865
1.0010381132768462
1.0010495495203808
1.0009993294944248
1.0010197158415952
1.001058002396037
1.0010142463338176
1.0010127546498782
1.0010172297016966
1.001024190893413
1.0010067879141216
1.0009689985876584
1.000990379390789
1.0010614829918951
1.0010490522924014
1.0010649635877533
1.0010560134841178
1.001005296230182
1.001024190893413
1.001024688121393
1.0010460689245229
1.0010266770333118
1.0011151836137087
1.0011102113339108
1.0010122574218987
1.0009998267224043
1.0010356271369474
1.0010212075255345
1.0010624774478547
1.0010271742612915
1.0010291631732107
1.0010505439763406
1.0010445772405834
1.0010366215929072
1.0010709303235104
1.0010510412043203
1.001013749105838
1.0010336382250287
1.0010177269296763
1.0010003239503844
1.001043085556644
1.0010520356602797
1.001062477447854
1.0011330838209795
1.0010336382250282
1.0010197158415952
1.0010644663597736
1.0010366215929072
1.0010952944945186
1.0010475606084617
1.001058002396037
1.0009749653234161
1.0010391077328056
1.0009804348311935
1.001020213069575
1.0010604885359358
1.0010664552716928
1.0010435827846238
1.0009968433545262
1.0010192186136153
1.001028665945231
1.0010649635877533
1.0010719247794702
1.001034632680988
1.001034632680988
1.001005296230182
1.0010147435617975
1.0009948544426066
1.0010356271369474
1.001034632680988
1.0010470633804822
1.0010545218001783
1.001029163173211
1.001075902603308
1.001029163173211
1.0010356271369476
1.0010346326809882
1.0010122574218987
1.001063969131794
1.001028665945231
1.0010391077328058
1.0011012612302757
1.0010664552716928
1.0010649635877535
1.0010565107120977
1.001045074468563
1.0010316493131095
1.0010217047535142
1.0010933055825997
1.0010928083546198
1.001069935867551
1.0010082795980606
1.0010112629659391
1.0010261798053322
1.0010122574218987
1.0010142463338176
1.0011112057898706
1.001124630945324
1.001053527344219
1.001094797266539
1.0010947972665385
1.0011002667743159
1.001067946955632
1.0010848527069438
1.0010943000385593
1.0010848527069436
1.0010833610230045
1.0010768970592676
1.0011315921370398
1.0011236364893643
1.0011266198572428
1.001149492344311
1.0010783887432069
1.0010545218001787
1.0010928083546198
1.001134078276939
1.0011072279660327
1.0010972834064376
1.001059494079976
1.0011529729401694
1.0010545218001785
1.001114189157749
1.0011191614375465
1.0010644663597736
1.0010898249867413
1.0010420911006845
1.00105203566028
1.0010217047535144
1.0010560134841178
1.0011047418261336
1.0011072279660322
1.0011012612302757
1.0010714275514905
1.0010435827846236
1.0010202130695751
1.0010624774478545
1.0010853499349233
1.0011246309453241
1.0010773942872475
1.0010744109193686
1.0010763998312882
1.0010938028105791
1.0010952944945186
1.001084355478964
1.0010415938727046
1.0010609857639154
1.0010918138986602
1.001063969131794
1.001130100453101
1.0010833610230045
1.0011112057898706
1.0010669524996725
1.001078388743207
1.001084355478964
1.0011236364893643
1.0010749081473487
1.0010664552716928
1.0010768970592678
1.0011002667743159
1.001134078276939
1.0011465089764329
1.0010933055825995
1.0011211503494655
1.0010967861784579
1.0010793831991662
1.0011370616448174
1.0011370616448172
1.0011246309453234
1.0010689414115916
1.00109231112664
1.001094797266539
1.0010843554789641
1.0010977806344175
1.0011042445981542
1.0010644663597736
1.0010420911006845
1.0010420911006845
1.0010908194427008
1.0011231392613846
1.001146011748453
1.001100764002296
1.0010768970592674
1.0010515384323002
1.0010704330955307
1.0011122002458301
1.0010828637950244
1.0010947972665387
1.0011017584582553
1.0010525328882593
1.001065460815733
1.0010251853493726
1.001117669753607
1.0011286087691615
1.0011639119557236
1.0011047418261338
1.0010957917224983
1.0010997695463362
1.0010719247794702
1.001123636489364
1.001206673561981
1.0011241337173442
1.0011062335100729
1.0010704330955307
1.0010580023960367
1.001081869339065
1.0011947400904677
1.0011484978883516
1.0011171725256276
1.00115197848421
1.001059991307956
1.0010793831991665
1.0010987750903768
1.0011012612302757
1.0010783887432069
1.0010674497276522
1.0010480578364416
1.0010475606084617
1.0010445772405832
1.00105203566028
1.0010808748831057
1.001084355478964
1.0010972834064376
1.001076399831288
1.0010545218001787
1.0011052390541135
1.0011395477847163
1.00117087314744
1.0010759026033083
1.0010719247794702
1.0010594940799764
1.0010773942872475
1.0010783887432069
1.0010848527069436
1.0010788859711868
1.001018224157656
1.0010405994167453
1.001025682577352
1.0010798804271464
1.001065460815733
1.0010734164634094
1.0010455716965427
1.0010490522924012
1.001058002396037
1.0010455716965427
1.0010803776551256
1.0010982778623971
1.0010450744685633
1.001053527344219
1.0010853499349233
1.001094797266539
1.0010972834064376
1.0010709303235101
1.0010898249867415
1.0010087768260405
1.001044577240583
1.0011017584582553
1.001028665945231
1.0010763998312882
1.0010137491058377
1.001100764002296
1.0011291059971417
1.0010808748831057
1.001053527344219
1.0010341354530083
1.001039107732806
1.0010664552716928
1.0010913166706805
1.0010913166706803
1.0010957917224983
1.0010565107120977
1.001063969131794
1.0010505439763404
1.0010992723183563
1.0011156808416883
1.0011196586655264
1.0010729192354295
1.001042588328664
1.0010460689245226
1.0010530301162393
1.0010495495203808
1.001065958043713
1.0011002667743163
1.001080377655126
1.001017726929676
1.001025682577352
1.0010928083546198
1.0010838582509842
1.0011236364893643
1.0011221448054253
1.0010629746758346
1.0010709303235104
1.0010580023960365
1.001115183613708
1.0010749081473487
1.001094797266539
1.0010858471629032
1.0010137491058375
1.001039604960786
1.0011072279660327
1.0010540245721986
1.0010709303235104
1.0011131947017895
1.001049549520381
1.0010336382250282
1.001058002396037
1.0010724220074498
1.001100266774316
1.0010918138986604
1.0010212075255345
1.0010614829918951
1.0010226992094737
1.0010152407897774
1.0010689414115912
1.0010848527069438
1.0010918138986602
1.0010241908934132
1.001076399831288
1.0010460689245224
1.0010575051680568
1.0010719247794702
1.0010604885359358
1.0010808748831057
1.001028665945231
1.0010520356602797
1.0010296604011903
1.001081869339065
1.0010405994167453
1.001070433095531
1.0010833610230045
1.0010366215929072
1.0010028100902832
1.0010311520851296
1.001081869339065
1.0011708731474398
1.0011102113339112
1.0011813149350146
1.001086344390883
1.0010550190281584
1.0011683870075414
1.0011494923443112
1.0011231392613844
1.001118166981587
1.001108222421992
1.0010739136913889
1.0010440800126037
1.0011470062044125
1.0011445200645135
1.0010609857639154
1.0010336382250282
1.0010470633804822
1.0010853499349235
1.0010813721110854
1.0010689414115916
1.0010938028105791
1.0010818693390648
1.0010440800126037
1.001043582784624
1.0010788859711865
1.001067946955632
1.0011112057898706
1.0010883333028022
1.0010351299089677
1.0010515384323
1.0010510412043196
1.001146011748453
1.0010793831991662
1.0010565107120974
1.0010669524996725
1.0010420911006843
1.0010992723183565
1.001108222421992
1.001108222421992
1.0010694386395713
1.0010768970592676
1.0010430855566441
1.001059991307956
1.0010371188208869
1.0011365644168377
1.0010992723183567
1.0010848527069438
1.001063969131794
1.0010112629659391
1.001055516256138
1.0010933055825995
1.0010992723183565
1.0010629746758344
1.0010271742612915
1.0010535273442187
1.0011504868002705
1.0011097141059315
1.0011191614375463
1.0010729192354295
1.0010724220074498
1.001114686385729
1.001083361023004
1.0011370616448174
1.0010967861784577
1.0011385533287565
1.0011032501421944
1.0010629746758344
1.0010987750903766
1.0010952944945186
1.0010754053753284
1.0011286087691618
1.001069935867551
1.0010664552716928
1.0010724220074498
1.0011271170852227
1.0011261226292631
1.001094797266539
1.0010405994167453
1.001104244598154
1.0011370616448174
1.0010763998312877
1.0010923111266399
1.0010952944945186
1.0010396049607855
1.0010972834064373
1.0010908194427006
1.001073913691389
1.0010659580437131
1.0010246881213931
1.001074410919369
1.0010987750903768
1.0011201558935061
1.0010783887432069
1.0011122002458304
1.001063969131794
1.0010908194427006
1.0010853499349235
1.001128111541182
1.0011117030178502
1.0011072279660327
1.0010773942872475
1.0010545218001783
1.0010376160488668
1.0010361243649275
1.0010803776551258
1.001078388743207
1.001116675297648
1.001039107732806
1.0010296604011903
1.001063969131794
1.0010793831991662
1.0011082224219923
1.001108719649972
1.0010425883286642
1.0009893849348293
1.001049549520381
1.001055516256138
1.0011107085618909
1.001073913691389
1.001069935867551
1.0010783887432069
1.001057505168057
1.0010724220074498
1.00111269747381
1.0010719247794697
1.00103015762917
1.0010371188208869
1.001022699209474
1.0010893277587616
1.0010977806344172
1.0011062335100729
1.0010689414115914
1.0010858471629034
1.0010828637950244
1.001081869339065
1.0010873388468422
1.001096288950478
1.0010908194427008
1.0010465661525023
1.0010938028105791
1.001057505168057
1.0011211503494657
1.0010873388468424
1.0010962889504782
1.0010913166706807
1.0011405422406756
1.0010967861784577
1.0010674497276524
1.0010276714892714
1.0011161780696682
1.0011335810489594
1.0011191614375468
1.0010913166706805
1.0011201558935061
1.001028665945231
1.001045571696543
1.0010962889504782
1.0011072279660327
1.0010967861784577
1.0010903222147207
1.0010271742612917
1.0010366215929072
1.0010530301162393
1.0010823665670445
1.0010654608157332
1.0010236936654333
1.0010415938727049
1.0010386105048261
1.0011017584582553
1.0011007640022958
1.0010813721110854
1.0010619802198748
1.0010192186136155
1.0010734164634094
1.0011007640022955
1.0010878360748223
1.0010754053753284
1.001085847162903
1.0010445772405834
1.0009978378104853
1.0010077823700803
1.0010957917224983
1.0010729192354295
1.0010813721110854
1.0010023128623033
1.0009898821628092
1.0009948544426068
1.0010480578364418
1.001033140997049
1.0010152407897774
1.0009864015669507
1.0010177269296763
1.0010415938727046
1.0010266770333118
1.0011256254012835
1.001057505168057
1.0010545218001787
1.0010729192354297
1.0010271742612917
1.0010589968519963
1.0010893277587614
1.00109231112664
1.0011032501421946
1.0010734164634094
1.0010341354530083
1.0010311520851298
1.001054024572199
1.00105203566028
1.0010540245721988
1.0010883333028018
1.0010584996240166
1.0010505439763406
1.001018224157656
1.0010142463338176
1.0010793831991662
1.0011455145204733
1.0011370616448174
1.001122144805425
1.0010177269296763
1.0010460689245226
1.0010102685099795
1.0010520356602794
1.001130100453101
1.0011017584582553
1.0010629746758346
1.001067946955632
1.0010674497276522
1.0010739136913889
1.0010838582509842
1.001043085556644
1.001029163173211
1.0010475606084617
1.00105104120432
1.001142033924615
1.001088830530782
1.0011017584582553
1.001086344390883
1.0010545218001783
1.0010957917224983
1.0011037473701745
1.0011345755049188
1.0011609285878453
1.0011181669815874
1.0010589968519963
1.0010410966447247
1.0010694386395713
1.0011430283805742
1.0011489951163315
1.0011072279660327
1.0011211503494657
1.0010967861784579
1.0010947972665383
1.0011345755049188
1.001122642033405
1.001153470168149
1.001108719649972
1.0010957917224979
1.001122144805425
1.0010659580437131
1.0010674497276522
1.0011509840282502
1.00111220024583
1.0010679469556318
1.0010445772405834
1.0010584996240166
1.0010440800126035
1.001086344390883
1.0011171725256274
1.0011032501421946
1.0010928083546198
1.001027174261292
1.0010401021887656
1.0010510412043203
1.0010778915152272
1.00113159213704
1.0010868416188627
1.0011117030178502
1.0010888305307815
1.0010684441836117
1.001084355478964
1.0010525328882593
1.0010972834064376
1.0011037473701745
1.0011201558935061
1.0010972834064376
1.0010296604011906
1.0010470633804822
1.0010694386395713
1.001174850971278
1.0011236364893643
1.0010943000385588
1.001106233510073
1.0010515384323
1.0010500467483605
1.0010873388468424
1.0010808748831057
1.001028665945231
1.0010172297016964
1.00103065485715
1.0010684441836117
1.001108719649972
1.0011813149350146
1.001059494079976
1.001059494079976
1.0010918138986602
1.0010510412043203
1.0010788859711865
1.001102752914215
1.0011102113339112
1.0010515384323
1.0010341354530083
1.00105203566028
1.0010908194427008
1.001108719649972
1.0011659008676423
1.0011057362820932
1.0010530301162393
1.0011007640022958
1.0010415938727046
1.0011112057898706
1.0010763998312877
1.0010296604011903
1.0010112629659391
1.001022201981494
1.0010749081473487
1.0010729192354297
1.0010938028105791
1.0010893277587614
1.0010629746758344
1.001070433095531
1.0011136919297694
1.0010749081473487
1.0010729192354297
1.0010584996240166
1.0010943000385593
1.0010142463338179
1.0011176697536075
1.0010659580437131
1.0010719247794697
1.0010187213856359
1.0010107657379594
1.001045571696543
1.001080874883105
1.0010818693390653
1.0010863443908828
1.001041096644725
1.0009988322664445
1.0010460689245224
1.0010644663597739
1.0010540245721986
1.0010783887432069
1.0010798804271464
1.001055516256138
1.0009933627586676
1.0010326437690693
1.0010490522924014
1.001063969131794
1.00111269747381
1.001024688121393
1.0010336382250282
1.0010028100902826
1.001094797266539
1.0010386105048263
1.0010520356602797
1.001039107732806
1.0010530301162393
1.0010684441836117
1.0010664552716924
1.0010754053753284
1.0010589968519967
1.0010316493131097
1.0010490522924012
1.0010465661525025
1.0010783887432066
1.0010868416188627
1.001108222421992
1.0010316493131095
1.0010132518778583
1.0010117601939188
1.0010525328882596
1.0010629746758344
1.001124630945324
1.0010351299089677
1.0010669524996725
1.000994357214627
1.000994357214627
1.0010669524996725
1.001047063380482
1.0009864015669507
1.0010346326809882
1.0010291631732107
1.0009878932508898
1.0010584996240166
1.0010684441836117
1.0010977806344175
1.0010654608157334
1.001043085556644
1.00098739602291
1.0010172297016957
1.0010460689245226
1.0011226420334047
1.001045571696543
1.0010172297016964
1.0010107657379594
1.0010018156343239
1.001075902603308
1.0010465661525025
1.0010649635877535
1.0010933055825995
1.0010346326809882
1.0010067879141211
1.001116178069668
1.0011032501421948
1.0010793831991662
1.0010440800126033
1.001049549520381
1.0010231964374536
1.001103747370174
1.001130100453101
1.001130100453101
1.0010401021887654
1.0010530301162393
1.0010177269296763
1.001087836074822
1.0011211503494657
1.0010351299089677
1.001059991307956
1.0010828637950246
1.0010212075255345
1.0010057934581618
1.0011012612302757
1.001059991307956
1.0010898249867413
1.001054024572199
1.001063471903814
1.0010465661525025
1.0010734164634092
1.0010813721110854
1.0011022556862352
1.0011226420334047
1.0010619802198748
1.0010724220074498
1.0010669524996723
1.0010923111266399
1.0011206531214858
1.001082366567045
1.0010331409970485
1.0010356271369476
1.0010629746758344
1.0011097141059313
1.001140045012696
1.0010868416188627
1.0010550190281584
1.0010793831991665
1.0011504868002705
1.001102752914215
1.0010261798053317
1.0010952944945184
1.0010361243649275
1.0010425883286644
1.001070433095531
1.0011057362820934
1.001086344390883
1.0010962889504782
1.0010749081473487
1.0010659580437131
1.0010724220074498
1.0010744109193688
1.0010614829918951
1.001074410919369
1.0010361243649273
1.0010485550644213
1.0010724220074498
1.001102752914215
1.0010828637950249
1.0010863443908828
1.0011554590800682
1.0010714275514905
1.001041096644725
1.001033140997049
1.0010505439763404
1.0010356271369476
1.0010848527069436
1.0010873388468424
1.0010689414115914
1.0010028100902832
1.0010336382250287
1.0010465661525025
1.0010664552716928
1.0011067307380528
1.001086344390883
1.0010470633804822
1.0010714275514903
1.0011236364893643
1.0011345755049186
1.0011524757121892
1.0010788859711865
1.001082366567045
1.001038610504826
1.0010669524996725
1.0010868416188625
1.0011166752976477
1.001172862059359
1.0011663980956222
1.0011967290023864
1.0010972834064376
1.0011211503494655
1.0011276143132022
1.001153967396129
1.001199215142285
1.0011136919297694
1.0011201558935057
1.0010928083546196
1.0011146863857279
1.0010933055825995
1.0011554590800678
1.0011380561007772
1.0011425311525948
1.0011181669815867
1.0010669524996725
1.0011072279660327
1.001114189157749
1.0011126974738096
1.0011614258158248
1.0011440228365338
1.0010828637950244
1.0010614829918951
1.0010490522924014
1.001102255686235
1.001100764002296
1.0010813721110854
1.001104244598154
1.001089824986741
1.0011131947017897
1.0011012612302757
1.0010709303235108
1.0010848527069438
1.0010266770333123
1.0010276714892714
1.001039107732806
1.0010689414115914
1.0010918138986602
1.0010858471629032
1.0010689414115914
1.0010361243649273
1.0011032501421946
1.0010291631732107
1.0010624774478547
1.0010714275514905
1.0011261226292631
1.001106233510073
1.0010754053753281
1.0011320893650197
1.0011544646241086
1.0010674497276524
1.001096288950478
1.0011872816707714
1.001141536696635
1.0010938028105791
1.0010838582509842
1.0010480578364416
1.0010545218001783
1.0010594940799764
1.0011156808416886
1.0011007640022958
1.0010575051680572
1.001045571696543
1.0010908194427006
1.0010535273442187
1.001148000660372
1.0010938028105794
1.0011032501421946
1.0010828637950249
1.0010381132768464
1.001138553328757
1.0011097141059313
1.0010604885359355
1.001140045012696
1.0011460117484525
1.001096288950478
1.0011589396759264
1.0010893277587616
1.0010664552716926
1.0010674497276522
1.0010987750903768
1.0011156808416883
1.0011077251940124
1.0010490522924012
1.0010629746758344
1.0010694386395713
1.0010808748831057
1.001128111541182
1.0011325865929999
1.0010619802198748
1.0010838582509842
1.0010833610230045
1.0011246309453234
1.0011296032251213
1.0011330838209795
1.0010793831991665
1.0011320893650202
1.0010440800126035
1.0011410394686555
1.0010868416188627
1.0010341354530083
1.0010629746758344
1.001106730738053
1.0010565107120977
1.0009988322664451
1.0010778915152272
1.0011117030178505
1.0010853499349235
1.0011151836137084
1.0010525328882596
1.00109231112664
1.0011092168779514
1.0010629746758342
1.0011310949090606
1.0010540245721986
1.0010366215929072
1.001043582784624
1.0010863443908828
1.0011136919297694
1.0010858471629034
1.0010729192354295
1.0010664552716928
1.001081869339065
1.001081869339065
1.0011042445981542
1.001128111541182
1.0010883333028022
1.001069935867551
1.0010982778623971
1.0011171725256276
1.0011385533287565
1.001157447991987
1.0010793831991665
1.001122642033405
1.0011604313598654
1.0011743537432982
1.001114686385729
1.0010729192354295
1.0010425883286644
1.0010709303235104
1.0010858471629032
1.0010848527069436
1.0011325865929999
1.001088830530782
1.0011315921370405
1.0010908194427008
1.001155459080068
1.0011514812562299
1.0011296032251211
1.001146011748453
1.001146011748453
1.0011738565153185
1.001180817707035
1.0011072279660327
1.001042091100684
1.001110211333911
1.0011599341318858
1.0011982206863257
1.001108719649972
1.0010485550644215
1.0010614829918951
1.0010868416188627
1.0011171725256276
1.0011360671888578
1.001137558872797
1.0011196586655264
1.0011171725256276
1.0010669524996725
1.001145514520473
1.0011350727328985
1.0011241337173442
1.0010793831991662
1.001108222421992
1.001081869339065
1.0011186642095666
1.0011122002458304
1.00111220024583
1.0010853499349235
1.001088830530782
1.0011012612302757
1.001069935867551
1.0011286087691618
1.0011773371111767
1.0011246309453237
1.001040599416745
1.0010873388468426
1.0011112057898706
1.0011136919297694
1.0011519784842098
1.0011932484065282
1.0011504868002705
1.0010947972665387
1.0011350727328987
1.0011057362820932
1.001136067188858
1.0011196586655262
1.0010808748831055
1.0010773942872473
1.0010580023960367
1.0011390505567366
1.0011206531214858
1.0011231392613846
1.001102752914215
1.0010734164634094
1.00113159213704
1.0011455145204728
1.0011002667743163
1.001086344390883
1.0010987750903768
1.0010798804271461
1.0011261226292631
1.0011266198572428
1.0011146863857288
1.0010858471629032
1.0010614829918953
1.0011097141059313
1.001122144805425
1.0011112057898708
1.0010316493131095
1.0010251853493726
1.0011052390541135
1.0011196586655264
1.0011455145204726
1.001128111541182
1.0010530301162393
1.0011395477847156
1.0011509840282504
1.001117669753607
1.001039107732806
1.0010162352457368
1.0011017584582553
1.001088333302802
1.0011156808416883
1.0011012612302757
1.0011151836137087
1.0011156808416883
1.0011097141059313
1.0011305976810803
1.0011286087691618
1.0011360671888578
1.001153967396129
1.0012141319816772
1.0010540245721986
1.0010589968519963
1.001124630945324
1.0010982778623971
1.0011385533287565
1.0010609857639154
1.0010465661525025
1.0010833610230045
1.0011644091837033
1.0011320893650202
1.0010744109193688
1.0010599913079559
1.0010848527069438
1.001061980219874
1.0010957917224983
1.001128608769162
1.001055516256138
1.0010898249867413
1.0010724220074496
1.0010903222147212
1.0010992723183565
1.0010420911006845
1.001058002396037
1.0010873388468424
1.0010843554789641
1.0010868416188627
1.001057505168057
1.0010719247794702
1.0010709303235104
1.001036124364927
1.0010987750903768
1.0010759026033083
1.001134078276939
1.0010654608157332
1.0010908194427006
1.0011425311525948
1.0010749081473485
1.0010341354530086
1.0010346326809882
1.0010122574218987
1.0010754053753284
1.0010933055825995
1.001066952499672
1.0010863443908826
1.0010540245721986
1.001090322214721
1.0010918138986602
1.0011678897795615
1.001118664209567
1.001116675297648
1.0010873388468424
1.0010560134841178
1.001063969131794
1.001109714105931
1.0011231392613844
1.0011057362820932
1.0010734164634092
1.0010833610230043
1.0010649635877538
1.0010500467483603
1.001116675297648
1.0010768970592678
1.0011599341318858
1.0010957917224983
1.0011236364893643
1.0010813721110854
1.0010808748831057
1.0010570079400767
1.0011032501421946
1.0011057362820932
1.0010689414115916
1.0010918138986602
1.0011126974738096
1.001069438639571
1.0010808748831055
1.0010505439763406
1.0010545218001783
1.001039107732806
1.0011027529142147
1.0011251281733038
1.0010689414115916
1.001086344390883
1.001028665945231
1.0010634719038143
1.0011072279660327
1.0011549618520883
1.0011420339246149
1.0010664552716924
1.0011102113339108
1.0010823665670447
1.0010883333028018
1.0011310949090604
1.0010868416188625
1.001088830530782
1.0010873388468424
1.001045571696543
1.0010530301162393
1.0010152407897772
1.0010773942872473
1.0010709303235108
1.0011146863857288
1.001120653121486
1.0011405422406758
1.0011251281733036
1.0010813721110852
1.0011589396759264
1.0011092168779516
1.0010669524996725
1.0010470633804822
1.0010664552716928
1.001074410919369
1.0010823665670447
1.0011504868002703
1.0010828637950249
1.0010873388468422
1.0010754053753284
1.0010913166706805
1.0011271170852223
1.0010928083546198
1.0011057362820934
1.0010724220074494
1.0010908194427008
1.0011350727328985
1.0011151836137084
1.001124133717344
1.0010062906861414
1.0010401021887656
1.0010938028105796
1.0010798804271461
1.0011315921370398
1.0011072279660327
1.0010783887432069
1.0010888305307817
1.0010575051680568
1.0010107657379594
1.0010480578364416
1.0011047418261338
1.0011032501421944
1.0010933055825995
1.0010763998312877
1.0010903222147207
1.0010624774478547
1.0011201558935061
1.00111220024583
1.001090322214721
1.0011092168779514
1.0010987750903768
1.0011077251940124
1.0010972834064376
1.0010793831991665
1.0010947972665385
1.0011161780696682
1.0011057362820932
1.0010654608157332
1.001044577240583
1.001104244598154
1.00111269747381
1.0010754053753284
1.001049549520381
1.0010589968519963
1.0011276143132024
1.0010744109193688
1.0010361243649273
1.0011320893650202
1.0010550190281584
1.0010918138986604
1.0010420911006845
1.0010376160488665
1.0010575051680568
1.0011082224219923
1.0010301576291705
1.001032643769069
1.0009883904788694
1.0009923683027078
1.0010092740540202
1.0010798804271461
1.0010908194427008
1.0010445772405834
1.0010530301162393
1.0010918138986604
1.0010614829918951
1.0011380561007772
1.00109231112664
1.0011112057898706
1.001055516256138
1.0010838582509842
1.0010694386395713
1.0011350727328985
1.0010763998312877
1.0010207102975548
1.0010460689245226
1.001047560608462
1.0011047418261336
1.0011131947017897
1.0011037473701745
1.001039107732806
1.0010490522924012
1.0011470062044123
1.0010803776551258
1.0010754053753284
1.0010694386395713
1.0010749081473485
1.001077394287247
1.001047560608462
1.0011276143132022
1.0011415366966354
1.0011097141059313
1.001063969131794
1.0010694386395713
1.0010898249867413
1.001049549520381
1.0011211503494655
1.0011117030178502
1.0011355699608784
1.001024688121393
1.001084355478964
1.0010833610230045
1.001122144805425
1.0011117030178502
1.0010734164634094
1.001041096644725
1.0010629746758344
1.0010485550644213
1.00111269747381
1.0011057362820932
1.001066952499672
1.0010674497276522
1.0010485550644215
1.0010565107120977
1.0011296032251213
1.0011435256085541
1.001114189157749
1.0010505439763404
1.001116675297648
1.001053527344219
1.001094797266539
1.0010972834064376
1.0010440800126037
1.0010291631732107
1.0010251853493728
1.0010933055825995
1.0010908194427008
1.0010361243649275
1.0010684441836117
1.001007782370081
1.0010142463338179
1.0010604885359358
1.0010505439763404
1.0010729192354297
1.0010172297016966
1.0009625346239217
1.001063471903814
1.001075902603308
1.0010694386395713
1.0010813721110854
1.0010485550644217
1.0010376160488665
1.0011136919297694
1.0010853499349235
1.0010987750903766
1.0010560134841178
1.0010649635877533
1.0010654608157332
1.0010405994167453
1.0010396049607857
1.0010515384323
1.0009893849348295
1.0010415938727046
1.0010341354530086
1.0010366215929072
1.001079880427146
1.0011087196499717
1.0010967861784579
1.0010763998312877
1.0010062906861419
1.0010460689245224
1.001057505168057
1.0011236364893643
1.001136564416838
1.0010614829918951
1.001065958043713
1.0010485550644213
1.0010480578364416
1.0010584996240166
1.0010664552716928
1.001039107732806
1.0010102685099798
1.00107142755149
1.0010614829918951
1.001120653121486
1.0010659580437127
1.0010500467483607
1.0010177269296763
1.001093802810579
1.0011325865929996
1.0011146863857288
1.001063969131794
1.0010445772405834
1.0010346326809882
1.0010515384322998
1.0010684441836117
1.0010773942872475
1.001029163173211
1.001024190893413
1.0010396049607857
1.001059494079976
1.0010649635877538
1.0010062906861417
1.0010460689245226
1.001020213069575
1.0010729192354297
1.0010500467483605
1.00103015762917
1.0010386105048263
1.0010356271369478
1.0010425883286642
1.0010972834064376
1.001073913691389
1.0010460689245224
1.0010097712819999
1.0010470633804822
1.0010500467483607
1.0010425883286642
1.0010833610230045
1.0010933055825997
1.0010386105048263
1.0010510412043203
1.001007782370081
1.0010629746758344
1.0010570079400776
1.001037118820887
1.0011042445981542
1.000983915427052
1.0009933627586676
1.0010162352457368
1.00103015762917
1.001075902603308
1.0010565107120977
1.0010331409970485
1.000998832266445
1.0010291631732107
1.001007782370081
1.0011097141059315
1.0010913166706803
1.0010629746758342
1.0010455716965427
1.0010361243649275
1.0010694386395713
1.0010923111266399
1.0010500467483607
1.0010629746758344
1.0010167324737165
1.0010222019814943
1.0010356271369476
1.0010271742612915
1.0010331409970485
1.0010560134841178
1.0010222019814943
1.0010072851421012
1.0010684441836115
1.0010694386395713
1.0010848527069438
1.0010943000385588
1.0010873388468424
1.001026179805332
1.001043085556644
1.0010987750903768
1.0011176697536075
1.001076399831288
1.001056013484118
1.0010838582509838
1.0010266770333118
1.0010271742612915
1.0010356271369476
1.001020213069575
1.0010584996240166
1.0010614829918951
1.0010689414115916
1.001058002396037
1.0010749081473487
1.001090322214721
1.001090322214721
1.0010918138986604
1.0011246309453237
1.0010445772405834
1.0010445772405834
1.001062477447855
1.001036621592907
1.0010644663597736
1.0010952944945184
1.0010664552716924
1.001057505168057
1.0010763998312877
1.001087836074822
1.0010913166706805
1.0010624774478545
1.0010281687172513
1.0010187213856356
1.0010808748831055
1.0010952944945186
1.0011156808416883
1.0010137491058382
1.0010674497276522
1.0010480578364416
1.0010908194427006
1.0011032501421946
1.0010709303235108
1.0010167324737165
1.0010480578364418
1.0009888877068496
1.0010584996240166
1.001108222421992
1.0010624774478545
1.0010222019814943
1.001053527344219
1.0010550190281582
1.001106730738053
1.0010793831991665
1.0010893277587616
1.0010515384323
1.0010326437690689
1.001067946955632
1.0010943000385588
1.0010649635877535
1.0010589968519963
1.00103065485715
1.0010301576291702
1.00105203566028
1.0010241908934132
1.0009998267224043
1.0010102685099798
1.0010217047535142
1.0010808748831057
1.0010858471629034
1.0011087196499717
1.001108719649972
1.0010505439763404
1.0010435827846238
1.0010858471629032
1.0011216475774452
1.0010768970592678
1.0010236936654335
1.0010669524996725
1.0009993294944248
1.0010957917224983
1.0010525328882593
1.0010480578364418
1.001034632680988
1.0011156808416883
1.0010435827846236
1.00105104120432
1.0010704330955307
1.001053527344219
1.0010366215929072
1.0010172297016966
1.001018224157656
1.0010724220074498
1.0010127546498782
1.0010326437690686
1.0010008211783639
1.0009759597793755
1.0010142463338176
1.0010217047535142
1.0010212075255345
1.0010142463338179
1.0010102685099795
1.0009943572146272
1.0010236936654333
1.0010177269296763
1.0010540245721984
1.0010376160488665
1.001049549520381
1.0009993294944246
1.0009645235358404
1.0010092740540202
1.0010465661525023
1.001037118820887
1.0010649635877538
1.0010505439763404
1.0010341354530083
1.0010396049607857
1.0009968433545258
1.0010043017742223
1.0010381132768467
1.0010873388468424
1.0010823665670447
1.0010321465410892
1.0009749653234161
1.0009640263078612
1.00103015762917
1.0009908766187687
1.0010415938727049
1.0010729192354295
1.0009844126550318
1.0010460689245226
1.001036124364927
1.0010614829918953
1.0009973405825054
1.0009993294944248
1.0009799376032136
1.0009759597793755
1.000974965323416
1.0010167324737165
1.0010167324737167
1.0010117601939188
1.0009699930436182
1.0009600484840229
1.000959054028063
1.0010311520851298
1.0010177269296763
1.0009694958156385
1.0010122574218987
1.0009834181990722
1.0010331409970485
1.0009635290798813
1.0010231964374536
1.0010515384323
1.0010356271369476
1.001034632680988
1.0010425883286642
1.001049549520381
1.0010256825773525
1.0010261798053317
1.0010266770333118
1.0010217047535142
1.0009973405825054
1.0010067879141211
1.0010082795980606
1.0010276714892714
1.0010445772405832
1.000992865530688
1.0009883904788701
1.0010281687172509
1.0010217047535144
1.001022699209474
1.0009913738467484
1.001035129908968
1.0009809320591734
1.0010212075255345
1.0010057934581618
1.0010326437690689
1.0009943572146272
1.0010043017742225
1.0010102685099798
1.001003307318263
1.0010222019814938
1.0010440800126033
1.0009913738467484
1.0009734736394769
1.001028665945231
1.0010898249867415
1.0010828637950249
1.0010157380177571
1.00096651244776
1.0010043017742223
1.001018224157656
1.001029163173211
1.0010460689245224
1.0010251853493726
1.0010460689245226
1.000985904338971
1.0010057934581618
1.000994357214627
1.0010033073182627
1.0010386105048263
1.0010584996240166
1.0010699358675508
1.0009839154270521
1.0009809320591734
1.0010052962301819
1.001041096644725
1.0010207102975548
1.0010316493131095
1.0009958488985662
1.0010018156343234
1.001058996851996
1.001003307318263
1.0011102113339112
1.0009580595721037
1.001001318406344
1.0010445772405834
1.0010818693390653
1.0010749081473487
1.0010808748831057
1.0009555734322049
1.0009580595721037
1.0010316493131093
1.0010689414115914
1.0010445772405834
1.0010222019814943
1.0009933627586676
1.0010127546498786
1.0010222019814938
1.0010445772405834
1.001036621592907
1.0009809320591734
1.0010097712819996
1.0009953516705867
1.0010296604011906
1.001025682577352
1.0010276714892712
1.0010445772405834
1.0009739708674565
1.0009784459192745
1.000983915427052
1.001022201981494
1.001059991307956
1.0010207102975548
1.0009714847275577
1.0010321465410892
1.001039604960786
1.0010619802198748
1.0010649635877533
1.0009824237431124
1.000910822914025
1.0009938599866472
1.0009953516705865
1.0010222019814938
1.0009998267224045
1.001028168717251
1.000981429287153
1.0009670096757395
1.001041096644725
1.001044577240583
1.001018224157656
1.0010003239503844
1.0009481150125084
1.0009953516705865
1.0010570079400773
1.001084355478964
1.0010256825773525
1.0009968433545262
1.001018224157656
1.001003307318263
1.0010281687172513
1.001039107732806
1.0010803776551258
1.0010222019814938
1.0010376160488665
1.001063969131794
1.0010162352457368
1.001057505168057
1.0010972834064373
1.001047560608462
1.0010082795980602
1.0010276714892712
1.0010326437690689
1.0010326437690693
1.0010848527069438
1.0010908194427008
1.0010023128623036
1.0010336382250287
1.001033140997049
1.0011146863857288
1.0010972834064376
1.0010893277587614
1.0010584996240164
1.0010644663597736
1.001102255686235
1.001084355478964
1.0010674497276524
1.0010644663597736
1.0010192186136153
1.0010087768260405
1.0010515384322998
1.0010719247794702
1.0011062335100729
1.0010480578364416
1.0009908766187687
1.0010435827846238
1.0010604885359358
1.001055516256138
1.0010212075255345
1.0010589968519963
1.0010624774478547
1.0010117601939188
1.0010152407897772
1.0010649635877533
1.0010992723183565
1.0010415938727046
1.001050046748361
1.001009771282
1.001020213069575
1.0010420911006845
1.0010510412043203
1.0010754053753284
1.0010162352457368
1.001016732473716
1.0010480578364416
1.0010167324737165
1.0010734164634092
1.0010376160488668
1.0010545218001787
1.000990379390789
1.001057505168057
1.0009943572146272
1.001034632680988
1.000981429287153
1.0010207102975546
1.0010893277587616
1.0010326437690689
1.000972976411497
1.0010231964374536
1.0009585568000836
1.0010047990022022
1.0009938599866475
1.0010425883286642
1.0010276714892712
1.0010256825773522
1.0010609857639154
1.0010067879141213
1.001035129908968
1.0010077823700807
1.001065958043713
1.0010425883286642
1.0010768970592676
1.001003307318263
1.001003307318263
1.0010003239503844
1.0010405994167448
1.001045571696543
1.0010321465410892
1.001055019028158
1.0010714275514905
1.0010729192354295
1.0010565107120974
1.0010430855566441
1.0010425883286642
1.001075902603308
1.0010828637950246
1.0010823665670452
1.0010669524996725
1.0010754053753284
1.001061980219875
1.001075902603308
1.0011052390541135
1.001075902603308
1.0010614829918951
1.0010346326809882
1.001095791722498
1.0011166752976477
1.0010709303235108
1.0010893277587616
1.0011305976810807
1.001059991307956
1.0010172297016962
1.0010296604011906
1.0010933055825997
1.0011052390541137
1.0010689414115914
1.0010679469556318
1.001055516256138
1.001063969131794
1.001122144805425
1.0010928083546196
1.001058002396037
1.001048555064421
1.001022699209474
1.0010754053753284
1.0010470633804822
1.0010301576291702
1.0010495495203808
1.0010043017742223
1.0010057934581618
1.0009670096757393
1.0010868416188627
1.0010490522924014
1.0010644663597736
1.0010187213856356
1.0010321465410892
1.0010654608157332
1.0010570079400776
1.0010241908934132
1.0010401021887656
1.001024688121393
1.0009864015669507
1.0010793831991662
1.0010515384323
1.0010943000385593
1.0010316493131093
1.001041096644725
1.00105203566028
1.001034632680988
1.0010356271369474
1.001045571696543
1.0010127546498786
1.00105104120432
1.00105203566028
1.0010938028105791
1.0010301576291702
1.001036621592907
1.0010420911006845
1.0010231964374536
1.001108222421992
1.0010654608157332
1.0010719247794697
1.0011037473701743
1.0010754053753284
1.0011112057898703
1.0011355699608784
1.001069438639571
1.001054024572199
1.001069438639571
1.0010952944945182
1.0011017584582553
1.0010570079400773
1.0010197158415952
1.001058002396037
1.0011131947017897
1.001079880427146
1.0010057934581618
1.0010525328882596
1.0011042445981542
1.0011430283805745
1.001067946955632
1.0010609857639154
1.001082366567045
1.0010664552716928
1.0010788859711865
1.0010485550644213
1.0011181669815872
1.0010619802198748
1.0010803776551258
1.0010868416188625
1.001107725194012
1.001090322214721
1.0010530301162393
1.0010545218001787
1.0011117030178502
1.0011484978883516
1.001075902603308
1.0010719247794702
1.0010674497276522
1.0010763998312877
1.001075902603308
1.0010644663597736
1.001136067188858
1.001130100453101
1.0011201558935061
1.001083361023004
1.001070433095531
1.0011410394686553
1.0010873388468424
1.0010967861784579
1.0010560134841178
1.0010047990022022
1.0010550190281584
1.0011226420334047
1.0011052390541135
1.001109714105931
1.0010933055825995
1.0010684441836117
1.0010236936654333
1.0010217047535142
1.0010192186136155
1.0010828637950246
1.0011097141059313
1.0010734164634092
1.0010515384323
1.0011146863857288
1.0010977806344172
1.0010560134841178
1.0010813721110854
1.0010838582509842
1.0010062906861414
1.0010276714892714
1.0010749081473485
1.0010838582509842
1.0010833610230043
1.0010684441836117
1.0010515384323
1.0010619802198748
1.0010624774478545
1.0010883333028018
1.0011266198572428
1.001088830530782
1.0010903222147212
1.001069438639571
1.001116675297648
1.0010808748831057
1.0011002667743159
1.001105736282093
1.0010853499349235
1.0010768970592674
1.0011619230438047
1.001140045012696
1.0011564535360276
1.0010530301162393
1.0010346326809882
1.0010047990022022
1.0010848527069438
1.0011365644168377
1.0011499895722908
1.0011922539505687
1.0010928083546198
1.0011171725256276
1.0011206531214858
1.0010987750903768
1.0011211503494655
1.0011062335100729
1.001084355478964
1.0010803776551258
1.00105104120432
1.0010943000385593
1.001130100453101
1.0011062335100729
1.001130100453101
1.0010560134841178
1.0010455716965427
1.0010560134841178
1.0011206531214858
1.0011350727328983
1.0010997695463364
1.0010261798053322
1.0010734164634094
1.0011047418261338
1.0010798804271461
1.0011102113339112
1.0011097141059313
1.001063969131794
1.0010445772405834
1.0010525328882596
1.001094797266539
1.0010783887432069
1.0010594940799762
1.0010580023960367
1.0010117601939188
1.0010933055825995
1.0010445772405834
1.0011276143132024
1.0011231392613846
1.0010977806344172
1.001084355478964
1.0010217047535142
1.0010256825773522
1.0010231964374536
1.001102752914215
1.00103065485715
1.0010679469556318
1.001081869339065
1.001067946955632
1.0010947972665387
1.0010729192354295
1.001053527344219
1.0010813721110854
1.0011092168779516
1.0010992723183565
1.001081869339065
1.0010843554789641
1.0011052390541135
1.001045571696543
1.0011415366966352
1.0011350727328985
1.0011256254012835
1.0010729192354295
1.0010873388468424
1.0010505439763404
1.001102752914215
1.001070433095531
1.0011534701681493
1.0011286087691615
1.0010540245721986
1.001012257421899
1.0011335810489594
1.001081869339065
1.0010947972665385
1.0010396049607857
1.0010987750903768
1.0010584996240164
1.0010296604011906
1.0011281115411819
1.0011286087691618
1.0011017584582553
1.001113691929769
1.000983418199072
1.0010773942872475
1.0010629746758344
1.0010276714892716
1.001080377655126
1.0010719247794702
1.0010316493131095
1.0010729192354295
1.001055019028158
1.0010739136913889
1.001133083820979
1.0010629746758344
1.001043085556644
1.0010102685099798
1.0011002667743159
1.0010987750903768
1.0010659580437131
1.0011062335100733
1.0010540245721988
1.001047560608462
1.0010465661525023
1.001070433095531
1.00111269747381
1.0010465661525023
1.001045074468563
1.0010256825773522
1.00103065485715
1.001118166981587
1.001127117085222
1.0010664552716924
1.0010560134841178
1.0011017584582553
1.0010823665670447
1.0011136919297694
1.0011465089764326
1.0011037473701743
1.001086344390883
1.0011733592873389
1.0010709303235106
1.0011012612302757
1.001140045012696
1.0010550190281584
1.0010898249867413
1.0011201558935061
1.001083361023004
1.0010813721110854
1.0010763998312877
1.0010396049607857
1.0010659580437131
1.0010550190281584
1.0010848527069436
1.0011067307380528
1.0011007640022955
1.0011141891577493
1.0011077251940124
1.0011186642095666
1.0010918138986602
1.0011017584582553
1.0010997695463366
1.0011122002458304
1.0010938028105791
1.00105203566028
1.0010987750903768
1.0010943000385588
1.0010928083546196
1.0010754053753284
1.001087836074822
1.0010614829918953
1.0010664552716928
1.0010440800126037
1.0010346326809878
1.0010898249867413
1.0010793831991665
1.0010376160488665
1.0010570079400771
1.0010749081473485
1.0010918138986602
1.0011156808416883
1.0010808748831053
1.001043085556644
1.0010316493131095
1.0010599913079556
1.0010654608157332
1.0010987750903768
1.0010754053753284
1.0011097141059313
1.001096288950478
1.001094300038559
1.0010754053753284
1.0010709303235104
1.001036621592907
1.001088333302802
1.0010629746758346
1.0010783887432069
1.001011262965939
1.0010316493131095
1.0010425883286642
1.0011390505567366
1.001108222421992
1.001109714105931
1.001065460815733
1.0011231392613844
1.0010788859711868
1.0011151836137087
1.0011310949090604
1.0011201558935061
1.001045074468563
1.0010888305307817
1.001073913691389
1.0010977806344175
1.0011335810489592
1.0011231392613844
1.0010624774478547
1.0010515384323002
1.0010967861784577
1.001095791722498
1.0010783887432069
1.0011251281733036
1.001075902603308
1.0010172297016964
1.0010798804271461
1.0011649064116832
1.0011012612302757
1.0010599913079559
1.0010535273442192
1.0011072279660327
1.0011534701681493
1.0011012612302757
1.0010381132768464
1.0010943000385593
1.0011112057898706
1.0011390505567366
1.0011305976810811
1.001116675297648
1.0010659580437131
1.0010455716965427
1.001103747370174
1.0011151836137084
1.001138553328757
1.0010908194427006
1.0010430855566437
1.001007782370081
1.0010803776551258
1.001135569960878
1.0011415366966352
1.0010883333028018
1.0011126974738096
1.0010609857639154
1.0010793831991665
1.0010734164634092
1.0011097141059313
1.001162917499764
1.001081869339065
1.0010520356602794
1.0010833610230045
1.0011007640022955
1.0011435256085541
1.0011122002458301
1.0012017012821837
1.0011455145204733
1.0010893277587616
1.0011445200645135
1.0011584424479467
1.001172862059359
1.0011624202717844
1.001096288950478
1.0011286087691618
1.0011748509712781
1.0011733592873389
1.0011758454272375
1.0012181098055148
1.0011350727328985
1.0010833610230045
1.0010724220074498
1.001100764002296
1.0011385533287565
1.001122144805425
1.001146011748453
1.001086344390883
1.0010689414115916
1.0010997695463362
1.0011609285878453
1.0011489951163315
1.0011196586655264
1.0010614829918953
1.0011007640022958
1.0011072279660325
1.0011609285878453
1.0011569507640072
1.0011062335100729
1.001117669753607
1.001081869339065
1.0011047418261336
1.0010843554789641
1.001118166981587
1.0011320893650202
1.0011499895722908
1.0011117030178502
1.001090322214721
1.0010629746758346
1.0011425311525943
1.0011599341318858
1.001088830530782
1.001108719649972
1.0011107085618909
1.001103747370174
1.0010982778623971
1.0011455145204733
1.001018224157656
1.001084355478964
1.0010898249867413
1.0010943000385588
1.0011256254012835
1.0010813721110854
1.0010828637950244
1.0010977806344175
1.0011077251940124
1.0010952944945186
1.0011440228365338
1.0010962889504782
1.001057505168057
1.0010734164634092
1.0010376160488665
1.001140045012696
1.0010873388468426
1.0010729192354297
1.0010396049607855
1.0010162352457368
1.0010043017742225
1.0010813721110854
1.0010883333028018
1.0010768970592674
1.0010276714892712
1.0010530301162393
1.0010540245721986
1.0010584996240166
1.0010639691317937
1.0009928655306874
1.0010415938727049
1.001086344390883
1.0010386105048263
1.001050046748361
1.001026677033312
1.0010425883286644
1.0010550190281584
1.0010629746758346
1.001049549520381
1.001067946955632
1.0010749081473487
1.0010197158415952
1.0010599913079559
1.0010167324737165
1.001077891515227
1.0010560134841178
1.0010291631732107
1.0010236936654335
1.001047560608462
1.0010530301162395
1.0010763998312877
1.0011455145204733
1.0010619802198748
1.0010505439763404
1.001049052292401
1.001055516256138
1.001104244598154
1.001114189157749
1.0010744109193688
1.0010321465410894
1.0010669524996725
1.0010415938727049
1.0010962889504782
1.0011763426552174
1.0010754053753284
1.001019715841595
1.0010440800126037
1.0010545218001787
1.0010823665670447
1.0010495495203806
1.0010520356602797
1.001102255686235
1.001079880427146
1.001108719649972
1.0010838582509842
1.0010271742612915
1.0010018156343234
1.0010530301162393
1.0009968433545258
1.001063969131794
1.0010724220074498
1.0010296604011906
1.0010336382250287
1.0009849098830115
1.0009938599866475
1.001049052292401
1.0011077251940121
1.001065460815733
1.0010778915152272
1.000985904338971
1.0010296604011906
1.0010366215929072
1.0011017584582553
1.0010798804271461
1.0010013184063438
1.0010381132768462
1.001047560608462
1.0010918138986604
1.0010754053753281
1.0010763998312882
1.000991871074728
1.001045074468563
1.0010788859711865
1.0010982778623971
1.0010376160488665
1.0010217047535142
1.0010127546498782
1.0010401021887654
1.0010316493131095
1.0010928083546198
1.001086344390883
1.0011097141059315
1.0010286659452308
1.0010366215929072
1.001040599416745
1.0010778915152267
1.0011470062044123
1.0011261226292631
1.0010525328882596
1.0010838582509842
1.001075902603308
1.0010783887432069
1.001088830530782
1.0010982778623971
1.0011425311525948
1.0010918138986602
1.0010674497276522
1.0010266770333118
1.0010495495203808
1.0011117030178502
1.0010754053753284
1.0011395477847163
1.0011330838209793
1.0010997695463366
1.0010957917224983
1.0011564535360273
1.001147503432392
1.0010768970592678
1.0010674497276522
1.0010923111266399
1.0010783887432069
1.0010943000385593
1.0011077251940124
1.001055516256138
1.0010659580437131
1.001114686385729
1.0011310949090608
1.0011156808416883
1.001094797266539
1.0010316493131095
1.0010589968519963
1.001047063380482
1.0010913166706803
1.0011514812562303
1.0010943000385588
1.001040599416745
1.0010749081473487
1.0010212075255345
1.0010933055825995
1.0010724220074498
1.001102752914215
1.0010550190281584
1.0010415938727049
1.0010286659452305
1.0010913166706805
1.0010326437690693
1.0011117030178502
1.0010505439763406
1.0010311520851298
1.0010589968519963
1.0010798804271464
1.0011271170852225
1.001039107732806
1.0010510412043203
1.0010401021887654
1.0011291059971414
1.001116675297648
1.001143525608554
1.001104244598154
1.0010943000385593
1.0010401021887656
1.0010709303235106
1.0010943000385593
1.0010987750903766
1.0010898249867413
1.001039107732806
1.0010793831991665
1.0010828637950249
1.001102752914215
1.0010624774478545
1.0010445772405832
1.0009799376032138
1.0010281687172513
1.001028665945231
1.001061980219875
1.0011012612302757
1.0011062335100729
1.0010734164634092
1.0010709303235108
1.001077891515227
1.0010371188208869
1.001054024572199
1.001114189157749
1.0011067307380526
1.0010798804271461
1.0011052390541133
1.0010674497276524
1.0011102113339112
1.0011012612302754
1.0011087196499717
1.001063969131794
1.0010570079400776
1.0010679469556318
1.0011201558935061
1.0010833610230045
1.0010609857639154
1.0010515384323002
1.0010405994167453
1.0010336382250287
1.0010793831991665
1.0010982778623971
1.0011803204790548
1.0011067307380526
1.0010669524996725
1.0011156808416886
1.0011181669815874
1.0010729192354297
1.0011201558935061
1.0010664552716928
1.0010744109193688
1.0010157380177571
1.0011072279660325
1.0010938028105791
1.001065958043713
1.0011032501421946
1.0010754053753284
1.0010460689245226
1.0010038045462426
1.0010047990022022
1.0010788859711865
1.0011077251940124
1.0011047418261338
1.0010729192354297
1.001098277862397
1.0010361243649275
1.0011435256085541
1.0011072279660327
1.0011002667743163
1.0011131947017897
1.0010972834064376
1.0010918138986604
1.00103065485715
1.001061980219875
1.0011112057898706
1.0010754053753284
1.0010793831991665
1.001055516256138
1.0010565107120977
1.001035129908968
1.0011524757121892
1.0010997695463364
1.001097780634417
1.00103065485715
1.0010077823700807
1.0010376160488663
1.001063471903814
1.0010793831991665
1.001057505168057
1.0009998267224045
1.0010127546498782
1.0010639691317937
1.0010684441836117
1.0010987750903768
1.0010480578364416
1.000998335038465
1.0010003239503842
1.001069935867551
1.0011246309453234
1.0010420911006845
1.00098839047887
1.0010028100902832
1.0010913166706803
1.001087836074822
1.001073913691389
1.0010833610230045
1.0010918138986602
1.0011047418261338
1.0011305976810807
1.0011484978883516
1.0011136919297694
1.0010933055825992
1.0010883333028018
1.0011012612302752
1.0011524757121897
1.0010957917224979
1.0010739136913889
1.0010256825773522
1.00109231112664
1.0011256254012835
1.0010609857639157
1.0011097141059313
1.001086344390883
1.0010659580437127
1.0010505439763404
1.0011117030178502
1.0011400450126957
1.0011256254012832
1.0010341354530083
1.0010326437690689
1.0011072279660327
1.0011251281733033
1.0011320893650202
1.001101758458255
1.0010465661525023
1.0010599913079559
1.0010440800126037
1.0010669524996725
1.001058002396037
1.0011345755049188
1.001108222421992
1.000948115012508
1.001049549520381
1.0010415938727046
1.001007782370081
1.0010609857639154
1.0010112629659393
1.0010644663597736
1.0010584996240166
1.0010460689245229
1.0010803776551258
1.001053527344219
1.000970490271598
1.000989882162809
1.001058002396037
1.0011131947017897
1.0010719247794697
1.001024190893413
1.0010301576291702
1.0010018156343237
1.0010734164634094
1.0010754053753284
1.0011077251940124
1.0010848527069438
1.0010883333028022
1.001021704753514
1.0010062906861412
1.0010261798053322
1.0010137491058375
1.001045571696543
1.0010540245721988
1.0009933627586676
1.0010336382250287
1.0010361243649273
1.0010500467483607
1.0011345755049186
1.0011117030178502
1.00109231112664
1.0010729192354295
1.0010187213856356
1.001069935867551
1.0010649635877535
1.0010833610230045
1.0011017584582553
1.0011017584582549
1.0010460689245226
1.0010376160488665
1.0010545218001787
1.0010808748831055
1.0010908194427008
1.0011614258158248
1.001147503432392
1.0010913166706805
1.00109231112664
1.0010972834064373
1.0010490522924014
1.0010594940799764
1.0010788859711865
1.0011216475774454
1.0011191614375463
1.0010425883286642
1.0010938028105791
1.001036621592907
1.0011012612302757
1.0011012612302752
1.0010674497276524
1.0010888305307817
1.0011062335100733
1.0010450744685633
1.0010460689245226
1.0010674497276522
1.0010505439763404
1.0010644663597736
1.0010972834064373
1.0010823665670447
1.0010604885359358
1.0010331409970485
1.0010614829918951
1.0010669524996718
1.0010356271369476
1.0009744680954362
1.0010226992094735
1.0010440800126037
1.0011256254012832
1.001053527344219
1.0010545218001787
1.001034632680988
1.0010575051680566
1.0010823665670452
1.001053030116239
1.0010704330955307
1.0010669524996725
1.0009819265151327
1.0010376160488665
1.0010525328882596
1.0011226420334047
1.0011256254012835
1.0010664552716928
1.0010793831991665
1.001000821178364
1.001005296230182
1.0009898821628092
1.0010604885359358
1.001065460815733
1.0010236936654329
1.000997340582506
1.001034632680988
1.0010793831991665
1.0010823665670447
1.0011032501421946
1.0010331409970485
1.0010281687172513
1.0010415938727049
1.0010719247794702
1.0010381132768467
1.0010793831991662
1.001059494079976
1.0010584996240166
1.0010709303235108
1.0011097141059313
1.0010843554789641
1.0010684441836117
1.0010102685099795
1.0010321465410892
1.0010624774478547
1.0010957917224985
1.0010982778623971
1.0010724220074498
1.001028665945231
1.0010649635877533
1.0011057362820932
1.0010356271369478
1.0010480578364416
1.001047063380482
1.0010381132768467
1.0010445772405834
1.0010997695463364
1.0010788859711868
1.0010833610230045
1.001047063380482
1.0010719247794702
1.0010943000385588
1.0010977806344172
1.00111170301785
1.00109231112664
1.001073913691389
1.001073913691389
1.0010833610230045
1.0010530301162393
1.001068444183612
1.0010236936654333
1.0010336382250287
1.0010490522924012
1.001064963587753
1.0011266198572428
1.0010982778623971
1.001039107732806
1.0010276714892716
1.0010783887432066
1.0010565107120974
1.0010808748831057
1.001059494079976
1.0010132518778585
1.0009978378104856
1.0009928655306874
1.0010495495203808
1.0010341354530083
1.0010311520851296
1.0010207102975548
1.0010236936654333
1.0010465661525025
1.0010848527069436
1.001084355478964
1.0010570079400771
1.0010147435617975
1.001024688121393
1.0010510412043203
1.001050046748361
1.001041096644725
1.0011082224219918
1.0010023128623036
1.0010112629659391
1.001033140997049
1.0010535273442192
1.0011146863857288
1.0010490522924012
1.001058002396037
1.0010127546498782
1.0010619802198748
1.0010057934581618
1.0010669524996725
1.0010425883286642
1.0010381132768467
1.0010351299089677
1.0010266770333118
1.00103065485715
1.0010664552716928
1.0010515384323002
1.0010147435617978
1.0010500467483607
1.0010530301162393
1.0011012612302757
1.0010649635877535
1.0009849098830113
1.0010813721110854
1.0010649635877533
1.0010828637950246
1.001108222421992
1.001088830530782
1.0010396049607857
1.0010326437690689
1.0010709303235106
1.0010689414115916
1.0011494923443112
1.001018224157656
1.0010604885359355
1.0010172297016966
1.0010341354530083
1.0010744109193688
1.001074410919369
1.0010336382250282
1.0010207102975548
1.0010460689245226
1.0010749081473487
1.001064963587753
1.0010321465410892
1.0010212075255345
1.0010594940799762
1.0010898249867413
1.0011027529142147
1.0010928083546196
1.0010614829918951
1.0010530301162393
1.0010311520851296
1.0011276143132024
1.001102255686235
1.0010704330955307
1.001012257421899
1.0010460689245224
1.0010281687172513
1.0011077251940124
1.0011176697536073
1.0011305976810807
1.0010813721110854
1.0010177269296763
1.00103065485715
1.0010793831991665
1.0010734164634094
1.0010520356602797
1.0009814292871528
1.0010107657379594
1.0010261798053322
1.0010694386395713
1.0011156808416881
1.0010097712819999
1.0010470633804818
1.00107142755149
1.0010386105048263
1.0010828637950249
1.001020213069575
1.0010933055825995
1.0010763998312877
1.0010729192354295
1.0010311520851298
1.0010286659452308
1.000976954235335
1.0010734164634092
1.0009998267224047
1.0011713703754197
1.0010923111266399
1.0010664552716928
1.0010624774478545
1.0010112629659391
1.0010465661525025
1.0010366215929072
1.001106730738053
1.001057505168057
1.0010724220074498
1.0010505439763404
1.0010222019814938
1.0010629746758344
1.0009898821628092
1.0010261798053322
1.0010013184063438
1.001040102188765
1.0010674497276522
1.00105203566028
1.0010366215929072
1.0010177269296763
1.0010052962301819
1.0010773942872475
1.0010858471629032
1.001084355478964
1.0010162352457368
1.0010112629659391
1.0009933627586676
1.0010500467483603
1.0010833610230039
1.0010768970592678
1.001075902603308
1.001049549520381
1.0010768970592674
1.0010584996240164
1.0011141891577486
1.0010898249867413
1.0010013184063438
1.001049549520381
1.0010515384323
1.0010997695463362
1.001047560608462
1.0011077251940121
1.0010415938727049
1.0009943572146272
1.0010301576291702
1.00105203566028
1.0010669524996725
1.0011355699608784
1.0010943000385588
1.001073913691389
1.0010848527069436
1.001079880427146
1.0010525328882596
1.0010490522924014
1.001059494079976
1.0010908194427006
1.0011032501421948
1.0010714275514905
1.0010386105048263
1.001049052292401
1.0010192186136153
1.0010649635877533
1.0010540245721984
1.0011305976810807
1.0010624774478547
1.001059494079976
1.0010217047535142
1.0010405994167453
1.0011350727328985
1.0010768970592676
1.0010759026033078
1.0010231964374534
1.0010714275514903
1.0010525328882593
1.0010634719038143
1.0010644663597736
1.0010351299089677
1.001059991307956
1.0010913166706805
1.0010599913079556
1.001094797266539
1.0011092168779516
1.0010480578364416
1.0010609857639154
1.001040599416745
1.0010072851421012
1.0010604885359353
1.001104244598154
1.0010997695463364
1.0010192186136155
1.001045074468563
1.001006290686141
1.001108719649972
1.0010848527069436
1.0010202130695751
1.0010192186136155
1.0010366215929072
1.001049549520381
1.001039107732806
1.001105736282093
1.0010669524996725
1.0010381132768467
1.001022699209474
1.0010619802198748
1.0010813721110852
1.0010659580437131
1.001045571696543
1.0010515384323
1.0010440800126035
1.0011355699608782
1.0011221448054248
1.0011475034323922
1.0010704330955307
1.0010997695463366
1.001073913691389
1.0010381132768467
1.0010301576291702
1.0010644663597736
1.0010296604011906
1.001012257421899
1.0010570079400773
1.0010689414115914
1.0010813721110854
1.001073913691389
1.0010470633804822
1.001055516256138
1.0010236936654333
1.001088830530782
1.0010908194427006
1.00107142755149
1.0010177269296758
1.0010371188208869
1.0010306548571501
1.0010500467483607
1.0010361243649273
1.00105104120432
1.001020213069575
1.0010182241576555
1.0010316493131095
1.0010047990022022
1.001081869339065
1.0009680041316993
1.0010396049607857
1.0010137491058382
1.0010664552716928
1.0010684441836117
1.0010013184063438
1.001011262965939
1.0010450744685633
1.0010624774478547
1.0010972834064376
1.0010918138986602
1.0010162352457368
1.0010396049607857
1.0010515384323
1.0010376160488665
1.0010401021887654
1.00107192477947
1.0010301576291702
1.0010505439763404
1.0010510412043203
1.0011564535360273
1.001087836074822
1.0010823665670447
1.00105104120432
1.0010241908934132
1.0010396049607857
1.0011231392613844
1.001076399831288
1.001057505168057
1.0009854071109912
1.0009898821628092
1.0010903222147212
1.0010580023960367
1.0011072279660327
1.0010883333028018
1.001039107732806
1.0010167324737165
1.0010669524996725
1.001075902603308
1.001105736282093
1.0010376160488665
1.0010405994167453
1.0010460689245224
1.0010674497276522
1.001053030116239
1.0010371188208866
1.001049052292401
1.0010410966447252
1.0010212075255345
1.0010386105048261
1.0010808748831057
1.0010326437690689
1.001039107732806
1.0010281687172509
1.001063969131794
1.001087836074822
1.0010405994167453
1.0010689414115914
1.0010147435617975
1.0010430855566441
1.0010276714892714
1.0010863443908828
1.0011136919297694
1.0010410966447247
1.0010396049607857
1.001018224157656
1.001100764002296
1.0010480578364418
1.0010604885359358
1.0010470633804822
1.001017726929676
1.0010142463338179
1.0010480578364416
1.001073913691389
1.0010674497276524
1.001020213069575
1.0010301576291702
1.001041096644725
1.0010768970592674
1.0010714275514905
1.001007782370081
1.001053527344219
1.0010271742612915
1.0010117601939192
1.0010405994167453
1.0010719247794702
1.0010594940799762
1.0010336382250287
1.0010152407897774
1.0010147435617975
1.0009923683027078
1.0010977806344175
1.0011156808416883
1.001108222421992
1.001106730738053
1.0010719247794702
1.0010644663597736
1.0011191614375468
1.0011171725256276
1.0010704330955307
1.0010187213856356
1.0010376160488665
1.0010271742612917
1.0010763998312877
1.0011206531214853
1.0010679469556318
1.0010470633804822
1.0010356271369476
1.0010271742612915
1.0010624774478547
1.0010734164634094
1.001053030116239
1.0010023128623031
1.0010167324737165
1.0010341354530083
1.001020213069575
1.0010654608157332
1.0011092168779516
1.0010853499349235
1.0010724220074498
1.0010261798053322
1.0010744109193688
1.0010684441836117
1.0010768970592678
1.001038113276846
1.0010062906861414
1.0010351299089677
1.0010107657379594
1.001100266774316
1.001022201981494
1.001045074468563
1.0010067879141211
1.0010540245721986
1.001073416463409
1.0010584996240166
1.0010331409970485
1.0010460689245226
1.0010311520851298
1.0010908194427006
1.001130597681081
1.0011072279660327
1.0010356271369474
1.0010396049607857
1.0009888877068496
1.0010629746758344
1.0010952944945186
1.0010296604011903
1.0009873960229099
1.0009923683027082
1.0009998267224045
1.0010565107120974
1.0011012612302752
1.0010187213856354
1.0009774514633147
1.0010321465410892
1.001005296230182
1.0010719247794702
1.0010376160488665
1.0010649635877535
1.0010381132768462
1.0009893849348295
1.0009978378104856
1.0010256825773525
1.0010575051680572
1.0010744109193688
1.00105203566028
1.00105203566028
1.0009998267224045
1.0010321465410892
1.0010664552716928
1.0010724220074498
1.00107142755149
1.0010714275514905
1.0010276714892716
1.00105203566028
1.0010962889504782
1.0010177269296763
1.0009819265151327
1.001003307318263
1.0009908766187687
1.0010266770333118
1.0010167324737165
1.0010401021887656
1.0010316493131095
1.0009844126550316
1.001032643769069
1.0010038045462428
1.0010913166706805
1.001049549520381
1.0010838582509842
1.0010957917224983
1.0010361243649275
1.001045074468563
1.0010500467483607
1.0010664552716924
1.001094300038559
1.0010356271369478
1.0010057934581618
1.0010271742612917
1.001061980219875
1.001054024572199
1.0010619802198748
1.001059494079976
1.0010575051680572
1.0010405994167453
1.0010465661525025
1.0010043017742218
1.001056013484118
1.0010157380177571
1.001029163173211
1.001047063380482
1.0010266770333118
1.0010694386395713
1.0010316493131095
1.0010172297016964
1.0010550190281584
1.0010749081473485
1.0011032501421946
1.0010833610230045
1.0010346326809882
1.0010420911006845
1.0010575051680572
1.0010326437690689
1.0010555162561379
1.001045074468563
1.0010744109193688
1.0010609857639154
1.000992865530688
1.0010490522924005
1.001034632680988
1.001070433095531
1.001045571696543
1.0010480578364416
1.0010594940799762
1.0011047418261338
1.0011201558935061
1.001096288950478
1.0010117601939188
1.0010351299089677
1.0010589968519963
1.0010674497276524
1.0010928083546198
1.0010724220074498
1.0010908194427008
1.0010570079400771
1.0010261798053322
1.0010813721110854
1.0010669524996725
1.001024190893413
1.0010485550644213
1.001057505168057
1.0010649635877538
1.001047063380482
1.0010619802198748
1.0010609857639154
1.0011191614375463
1.0011057362820932
1.0010719247794702
1.0010644663597736
1.0010550190281582
1.0010495495203808
1.001077891515227
1.0010674497276522
1.0010132518778583
1.001041096644725
1.0010495495203806
1.0010371188208869
1.0010798804271461
1.0010525328882596
1.0010853499349235
1.0011216475774454
1.0010689414115914
1.0010808748831057
1.0010913166706805
1.0010982778623971
1.001034632680988
1.0010415938727046
1.0010545218001787
1.0011350727328985
1.0010987750903768
1.0010883333028018
1.0011082224219923
1.0010420911006845
1.0010947972665387
1.0010853499349235
1.001087836074822
1.0010371188208866
1.0010132518778583
1.001055516256138
1.0011335810489594
1.0011410394686553
1.0011226420334047
1.0010430855566441
1.0010530301162393
1.0011211503494657
1.0010997695463364
1.0011395477847163
1.0010943000385593
1.0011107085618909
1.0010286659452312
1.0010604885359358
1.0010724220074494
1.0010997695463366
1.0010863443908828
1.001059494079976
1.0010321465410892
1.001069935867551
1.0010495495203804
1.0011201558935061
1.001081869339065
1.0011022556862352
1.0010152407897774
1.0010306548571497
1.0010594940799762
1.001080377655126
1.0011271170852225
1.0010028100902828
1.0009998267224045
1.0010117601939188
1.0010565107120974
1.0011062335100729
1.0010649635877533
1.0010361243649273
1.0010396049607857
1.001049549520381
1.0010977806344172
1.001114189157749
1.0010813721110852
1.0010694386395713
1.0010893277587616
1.0010401021887654
1.0010972834064376
1.0010992723183567
1.0010371188208869
1.001013749105838
1.0010679469556318
1.0011246309453237
1.0011117030178502
1.0010391077328058
1.001000821178364
1.001045571696543
1.0010649635877533
1.0010778915152272
1.001088830530782
1.0010256825773522
1.0010212075255345
1.0010386105048261
1.0010336382250287
1.0010505439763404
1.0010749081473487
1.0010624774478545
1.0010207102975546
1.0009938599866472
1.0009978378104856
1.0010873388468424
1.0010669524996725
1.001035129908968
1.0010445772405834
1.000990379390789
1.0010107657379592
1.001055516256138
1.001073913691389
1.0010609857639154
1.0010868416188625
1.0010480578364416
1.0010122574218985
1.0010371188208869
1.0010744109193688
1.0010793831991667
1.001058002396037
1.0009993294944248
1.0010033073182625
1.0010018156343237
1.0010550190281584
1.0010217047535142
1.001057505168057
1.001055516256138
1.001017726929676
1.0010356271369478
1.0010371188208869
1.0010967861784579
1.001073913691389
1.0010530301162393
1.0010291631732107
1.00096502076382
1.0010062906861412
1.0010281687172513
1.0010639691317935
1.0010714275514905
1.0010440800126033
1.0010112629659391
1.0010107657379594
1.0010754053753284
1.001003307318263
1.0010828637950246
1.0010301576291702
1.0010296604011903
1.0010167324737163
1.0009854071109912
1.001047560608462
1.0010649635877533
1.0010853499349235
1.0010440800126037
1.0010704330955307
1.0010972834064376
1.001116675297648
1.0011032501421948
1.0010401021887654
1.0011012612302754
1.001073913691389
1.001039107732806
1.001049549520381
1.0010614829918951
1.0010918138986604
1.0010291631732107
1.0010470633804822
1.0010132518778583
1.001028665945231
1.0010510412043203
1.0011420339246149
1.0011425311525946
1.001075902603308
1.0010326437690689
1.0010361243649273
1.0010584996240166
1.0010873388468422
1.0010918138986604
1.0010361243649275
1.001062477447855
1.0010440800126037
1.0010082795980606
1.0010127546498784
1.0010341354530086
1.0010898249867413
1.0010172297016962
1.001043582784624
1.0010709303235104
1.0010793831991665
1.0010823665670447
1.0010604885359355
1.001082366567045
1.0010545218001787
1.0010545218001785
1.0010888305307815
1.0010639691317935
1.0010838582509838
1.0010967861784579
1.001087836074822
1.0011499895722906
1.0011251281733036
1.0011310949090604
1.0010972834064376
1.0010525328882593
1.0010147435617975
1.0010405994167455
1.0010649635877533
1.001096288950478
1.001094797266539
1.0011002667743159
1.0010813721110854
1.0010405994167453
1.0010013184063438
1.0010311520851298
1.0011012612302754
1.0010803776551258
1.0010157380177571
1.0010505439763404
1.0010376160488665
1.001096288950478
1.0010654608157332
1.0010271742612915
1.0010286659452312
1.0009958488985664
1.0010376160488665
1.0010649635877533
1.0010575051680572
1.00103065485715
1.0009868987949306
1.0010366215929072
1.0010177269296758
1.0011355699608784
1.0010803776551258
1.0010311520851296
1.0010311520851298
1.00103015762917
1.001114189157749
1.0010729192354295
1.0010266770333118
1.001055516256138
1.0010465661525023
1.0010485550644217
1.0010654608157332
1.0010614829918951
1.0010147435617975
1.0010052962301816
1.0010629746758344
1.0010550190281584
1.0010714275514903
1.0010555162561383
1.0010808748831055
1.0011161780696682
1.0010669524996725
1.0010649635877533
1.001096288950478
1.0010396049607857
1.001040599416745
1.0010818693390653
1.0010102685099798
1.001096288950478
1.001049052292401
1.0010420911006845
1.00100927405402
1.001033140997049
1.0010435827846236
1.0010515384323
1.0010763998312877
1.0010525328882596
1.0010485550644213
1.0010281687172513
1.0010271742612917
1.0010893277587616
1.001055516256138
1.001100764002296
1.0010530301162393
1.0010217047535142
1.001022201981494
1.0010535273442187
1.0010833610230045
1.0010848527069438
1.0010704330955307
1.0010833610230043
1.0010167324737165
1.0010321465410892
1.0010425883286642
1.0010773942872473
1.0010729192354295
1.0010619802198748
1.0009615401679621
1.0010276714892712
1.00105203566028
1.0010614829918951
1.0010500467483607
1.001024190893413
1.0010236936654333
1.0010177269296758
1.0010425883286642
1.0010614829918951
1.0010192186136153
1.0010689414115914
1.0010679469556318
1.0009685013596787
1.0010679469556318
1.0010386105048263
1.0010381132768467
1.0009888877068496
1.0010316493131095
1.0010147435617975
1.0010788859711865
1.0010336382250287
1.0010788859711865
1.0010261798053322
1.0011012612302757
1.001063471903814
1.0010391077328058
1.0009704902715981
1.001005296230182
1.001074410919369
1.0010599913079559
1.0010485550644215
1.0010465661525023
1.001049052292401
1.0010724220074498
1.0010952944945186
1.0011057362820932
1.0010813721110856
1.001013749105838
1.0010565107120977
1.001104244598154
1.0010878360748223
1.0010773942872475
1.0010102685099798
1.0010306548571501
1.0009878932508902
1.001045074468563
1.001032643769069
1.0010197158415952
1.0010460689245226
1.0010281687172509
1.001057505168057
1.0010231964374536
1.001077394287247
1.001043582784624
1.0010669524996725
1.001084355478964
1.0010793831991665
1.0011047418261338
1.0010759026033083
1.0010341354530083
1.0010401021887654
1.001069438639571
1.0010853499349233
1.0010783887432069
1.0010331409970488
1.0010604885359353
1.0009913738467482
1.001058002396037
1.0010281687172509
1.0010545218001785
1.0009635290798815
1.0010097712819996
1.0010013184063438
1.0010018156343239
1.0010485550644217
1.0010669524996725
1.001020213069575
1.001035129908968
1.0009893849348297
1.0009903793907888
1.0010162352457366
1.001063969131794
1.001039107732806
1.0009908766187687
1.0010202130695751
1.0010410966447252
1.0010033073182625
1.0010261798053322
1.001067946955632
1.0010003239503844
1.001018224157656
1.000991871074728
1.001024190893413
1.0010754053753284
1.0010649635877533
1.0010246881213927
1.000998832266445
1.0009680041316993
1.0009441371886698
1.0009993294944246
1.0010336382250282
1.0010371188208869
1.0009615401679621
1.0010087768260405
1.0009809320591734
1.0010520356602797
1.0010336382250287
1.0010470633804822
1.0010251853493726
1.0009933627586676
1.001053527344219
1.0010719247794702
1.0010803776551258
1.001067946955632
1.0010187213856356
1.0010087768260403
1.0010778915152272
1.0010664552716928
1.0010589968519963
1.0010440800126037
1.0010132518778583
1.001000821178364
1.0010152407897772
1.0010212075255345
1.0010371188208869
1.0010147435617973
1.000985904338971
1.0009819265151325
1.0010505439763406
1.0010589968519965
1.0010430855566441
1.001069935867551
1.0009938599866475
1.00098839047887
1.0009968433545258
1.0009883904788697
1.001029163173211
1.000974965323416
1.0009694958156385
1.0009864015669507
1.0010624774478547
1.0010754053753281
1.0010177269296763
1.0010067879141216
1.0009784459192743
1.0010062906861417
1.001036621592907
1.0010654608157334
1.001034632680988
1.0010251853493728
1.0009272314373574
1.0010321465410892
1.0009605457120025
1.000994357214627
1.0010848527069436
1.0010490522924014
1.0010853499349233
1.0009849098830113
1.0009948544426066
1.0010450744685633
1.000994357214627
1.0010679469556318
1.0011201558935061
1.0010778915152272
1.001004799002202
1.0009953516705865
1.001024688121393
1.001058002396037
1.0010669524996727
1.0010545218001785
1.0010425883286642
1.0010028100902832
1.0010271742612915
1.0010386105048263
1.001034135453008
1.001018224157656
1.001049549520381
1.0011156808416883
1.0010018156343237
1.0009908766187687
1.0010609857639154
1.0010301576291702
1.001049549520381
1.0010893277587616
1.0010545218001783
1.0010570079400773
1.0010341354530083
1.001024688121393
1.001043582784624
1.0010773942872475
1.001055516256138
1.001059494079976
1.001015738017757
1.0010515384322993
1.0010003239503842
1.0010540245721986
1.0010296604011906
1.0009540817482654
1.0010132518778583
1.00103015762917
1.0011136919297694
1.0011047418261338
1.00103015762917
1.000992368302708
1.000974965323416
1.0010435827846238
1.0010505439763404
1.0010226992094735
1.0010734164634092
1.001064963587753
1.0010495495203808
1.0010177269296763
1.0009953516705863
1.0010460689245224
1.0011022556862352
1.0010261798053322
1.001049549520381
1.0010386105048261
1.0010266770333118
1.0010833610230045
1.0010674497276522
1.0009978378104853
1.0010873388468424
1.0010410966447252
1.0010465661525023
1.0010455716965427
1.0010679469556318
1.0010848527069436
1.001043582784624
1.0010182241576557
1.0010087768260405
1.0010316493131093
1.001038610504826
1.0010868416188627
1.0010873388468424
1.0010207102975548
1.0010047990022022
1.0010351299089677
1.0010276714892714
1.001073913691389
1.0010192186136153
1.000994357214627
1.000976954235335
1.001018224157656
1.001055019028158
1.0010396049607857
1.0010624774478547
1.001013749105838
1.001007782370081
1.00100927405402
1.0010311520851298
1.0010714275514905
1.0010619802198748
1.0010147435617975
1.0010147435617975
1.0010207102975548
1.001063969131794
1.001082366567045
1.0011102113339112
1.0010157380177571
1.0010217047535142
1.001063969131794
1.0010868416188627
1.0010425883286642
1.0009948544426068
1.0010734164634094
1.001055516256138
1.0010371188208869
1.0010291631732107
1.0010560134841178
1.0010336382250287
1.0010594940799762
1.0011231392613846
1.0010465661525025
1.0010565107120974
1.0009948544426066
1.001013749105838
1.0010097712819999
1.0010704330955307
1.0010440800126037
1.0010525328882596
1.0010460689245224
1.0010321465410892
1.0009993294944248
1.0010778915152272
1.0010773942872475
1.0011156808416881
1.0010739136913893
1.0010565107120977
1.0011007640022955
1.0011350727328983
1.0011012612302757
1.0010664552716928
1.0010629746758344
1.0010609857639154
1.001054024572199
1.001114189157749
1.001118166981587
1.0011022556862343
1.0010246881213927
1.0010763998312877
1.0010396049607857
1.0010749081473487
1.001033140997049
1.0010565107120974
1.0010122574218985
1.0010018156343234
1.001057505168057
1.0010778915152272
1.0010251853493726
1.0010197158415952
1.0010162352457366
1.0010157380177571
1.0010754053753284
1.0010405994167453
1.0010366215929072
1.001005296230182
1.0010326437690689
1.0010893277587616
1.0010644663597736
1.0010560134841178
1.0010038045462428
1.001045074468563
1.0009789431472542
1.0009650207638205
1.001024190893413
1.0010261798053322
1.0010550190281584
1.0010192186136153
1.0010276714892716
1.000981429287153
1.0009640263078607
1.0010933055825995
1.0010202130695751
1.00105104120432
1.0009883904788694
1.0009824237431126
1.0010336382250287
1.0010823665670447
1.001085847162903
1.0010386105048261
1.0010301576291702
1.001013251877858
1.0010415938727046
1.0010704330955307
1.0010808748831057
1.001035129908968
1.0010545218001785
1.0010604885359358
1.001080377655126
1.0010490522924014
1.0010957917224983
1.001079880427146
1.0010704330955307
1.0010316493131093
1.0010217047535142
1.0010584996240166
1.0010485550644215
1.0010868416188627
1.0010321465410892
1.0009948544426068
1.0010540245721988
1.0010391077328062
1.0010217047535142
1.0009983350384655
1.0010520356602797
1.0010455716965427
1.001073913691389
1.0010803776551258
1.0010296604011906
1.0010112629659391
1.000972976411497
1.001114686385729
1.001058002396037
1.0010197158415952
1.0010316493131095
1.0010241908934132
1.0010122574218987
1.0010043017742225
1.0010510412043203
1.0010669524996725
1.0010222019814943
1.0010147435617973
1.0010361243649275
1.0010082795980602
1.0011092168779516
1.0010570079400771
1.001063969131794
1.0010560134841178
1.001058002396037
1.0010470633804822
1.0010132518778583
1.0010589968519963
1.0010440800126037
1.0010803776551258
1.00103065485715
1.0010117601939188
1.0010251853493726
1.0010425883286642
1.0010316493131095
1.001048555064421
1.0009888877068496
1.0010719247794702
1.001038610504826
1.0010883333028022
1.001084355478964
1.0010614829918953
1.0010425883286644
1.0010062906861417
1.0010132518778583
1.0010366215929072
1.0011211503494655
1.0010977806344172
1.0010858471629032
1.001015738017757
1.0010485550644213
1.001083858250984
1.0011320893650202
1.0010803776551258
1.0010669524996723
1.001005296230182
1.0010231964374536
